2815,2024-09-12T20:23:02.084+0100,2.413,3.711,8.727
2815,2024-09-12T20:23:02.093+0100,2.380,3.702,8.894
2815,2024-09-12T20:23:02.099+0100,2.329,3.685,9.041
2815,2024-09-12T20:23:02.188+0100,2.258,3.654,9.100
2815,2024-09-12T20:23:02.195+0100,2.253,3.618,9.182
2815,2024-09-12T20:23:02.201+0100,2.341,3.608,9.306
2815,2024-09-12T20:23:02.207+0100,2.409,3.577,9.246
2815,2024-09-12T20:23:02.214+0100,2.334,3.556,8.993
2815,2024-09-12T20:23:02.303+0100,2.248,3.553,8.780
2815,2024-09-12T20:23:02.309+0100,2.224,3.548,8.746
2815,2024-09-12T20:23:02.316+0100,2.183,3.575,8.693
2815,2024-09-12T20:23:02.322+0100,2.186,3.632,8.581
2815,2024-09-12T20:23:02.328+0100,2.114,3.670,8.545
2815,2024-09-12T20:23:02.397+0100,2.133,3.587,8.437
2815,2024-09-12T20:23:02.404+0100,1.951,4.032,8.533
2815,2024-09-12T20:23:02.412+0100,1.961,3.879,8.717
2815,2024-09-12T20:23:02.419+0100,2.102,3.591,8.959
2815,2024-09-12T20:23:02.431+0100,1.901,3.828,9.076
2815,2024-09-12T20:23:02.511+0100,1.848,3.833,9.019
2815,2024-09-12T20:23:02.518+0100,1.944,3.716,8.789
2815,2024-09-12T20:23:02.524+0100,1.705,3.936,8.724
2815,2024-09-12T20:23:02.530+0100,1.638,3.860,8.710
2815,2024-09-12T20:23:02.537+0100,1.681,3.936,8.770
2815,2024-09-12T20:23:02.646+0100,1.736,3.886,8.902
2815,2024-09-12T20:23:02.653+0100,1.697,3.802,9.048
2815,2024-09-12T20:23:02.659+0100,1.733,3.687,9.242
2815,2024-09-12T20:23:02.666+0100,1.831,3.699,9.357
2815,2024-09-12T20:23:02.672+0100,1.963,3.721,9.282
2815,2024-09-12T20:23:02.679+0100,1.954,3.790,9.031
2815,2024-09-12T20:23:02.685+0100,1.942,3.845,8.784
2815,2024-09-12T20:23:02.691+0100,1.910,3.812,8.703
2815,2024-09-12T20:23:02.697+0100,1.949,3.747,8.799
2815,2024-09-12T20:23:02.703+0100,2.047,3.690,8.878
2815,2024-09-12T20:23:02.721+0100,2.155,3.682,8.803
2815,2024-09-12T20:23:02.727+0100,2.243,3.711,8.633
2815,2024-09-12T20:23:02.732+0100,2.310,3.809,8.322
2815,2024-09-12T20:23:02.738+0100,2.344,3.879,8.059
2815,2024-09-12T20:23:02.744+0100,2.301,3.893,7.982
2815,2024-09-12T20:23:02.830+0100,2.270,3.838,8.052
2815,2024-09-12T20:23:02.836+0100,2.260,3.793,8.238
2815,2024-09-12T20:23:02.843+0100,2.272,3.805,8.250
2815,2024-09-12T20:23:02.849+0100,2.289,3.838,8.145
2815,2024-09-12T20:23:02.855+0100,2.258,3.946,7.973
2815,2024-09-12T20:23:02.912+0100,2.157,4.082,7.760
2815,2024-09-12T20:23:02.919+0100,2.174,4.135,7.762
2815,2024-09-12T20:23:02.925+0100,2.207,4.063,8.097
2815,2024-09-12T20:23:02.931+0100,2.248,4.044,8.739
2815,2024-09-12T20:23:02.937+0100,2.363,3.989,9.160
2815,2024-09-12T20:23:03.032+0100,2.447,4.089,9.359
2815,2024-09-12T20:23:03.038+0100,2.461,4.101,9.251
2815,2024-09-12T20:23:03.044+0100,2.346,4.195,8.966
2815,2024-09-12T20:23:03.050+0100,2.267,4.161,8.715
2815,2024-09-12T20:23:03.057+0100,2.291,4.161,8.643
2815,2024-09-12T20:23:03.111+0100,2.291,4.152,8.796
2815,2024-09-12T20:23:03.118+0100,2.265,4.049,8.866
2815,2024-09-12T20:23:03.124+0100,2.004,4.109,8.792
2815,2024-09-12T20:23:03.130+0100,2.057,3.711,8.432
2815,2024-09-12T20:23:03.136+0100,1.803,3.965,8.322
2815,2024-09-12T20:23:03.200+0100,1.810,3.898,8.186
2815,2024-09-12T20:23:03.207+0100,1.736,3.965,8.279
2815,2024-09-12T20:23:03.213+0100,1.901,3.658,8.351
2815,2024-09-12T20:23:03.219+0100,1.884,3.819,8.593
2815,2024-09-12T20:23:03.225+0100,2.061,3.781,8.792
2815,2024-09-12T20:23:03.295+0100,2.150,3.862,8.875
2815,2024-09-12T20:23:03.302+0100,2.191,3.891,8.861
2815,2024-09-12T20:23:03.308+0100,2.270,3.953,8.794
2815,2024-09-12T20:23:03.315+0100,2.404,3.996,8.808
2815,2024-09-12T20:23:03.321+0100,2.519,4.006,8.921
2815,2024-09-12T20:23:03.391+0100,2.557,4.013,8.976
2815,2024-09-12T20:23:03.397+0100,2.622,3.979,8.976
2815,2024-09-12T20:23:03.403+0100,2.669,3.924,9.024
2815,2024-09-12T20:23:03.410+0100,2.557,3.836,8.942
2815,2024-09-12T20:23:03.416+0100,2.385,3.816,8.636
2815,2024-09-12T20:23:03.504+0100,2.277,3.800,8.351
2815,2024-09-12T20:23:03.511+0100,2.222,3.745,8.147
2815,2024-09-12T20:23:03.517+0100,2.174,3.670,8.056
2815,2024-09-12T20:23:03.523+0100,2.143,3.618,8.088
2815,2024-09-12T20:23:03.529+0100,2.181,3.632,8.255
2815,2024-09-12T20:23:03.582+0100,2.210,3.690,8.468
2815,2024-09-12T20:23:03.588+0100,2.207,3.711,8.784
2815,2024-09-12T20:23:03.595+0100,2.377,3.747,9.242
2815,2024-09-12T20:23:03.601+0100,2.634,3.783,9.625
2815,2024-09-12T20:23:03.607+0100,2.792,3.816,9.764
2815,2024-09-12T20:23:03.677+0100,2.741,3.881,9.486
2815,2024-09-12T20:23:03.684+0100,2.576,4.027,8.842
2815,2024-09-12T20:23:03.690+0100,2.392,4.125,8.238
2815,2024-09-12T20:23:03.696+0100,2.241,4.104,7.989
2815,2024-09-12T20:23:03.702+0100,2.128,3.970,8.071
2815,2024-09-12T20:23:03.790+0100,2.219,3.855,8.380
2815,2024-09-12T20:23:03.796+0100,2.368,3.749,8.808
2815,2024-09-12T20:23:03.798+0100,2.456,3.668,9.108
2815,2024-09-12T20:23:03.801+0100,2.492,3.603,9.254
2815,2024-09-12T20:23:03.803+0100,2.478,3.594,9.208
2815,2024-09-12T20:23:03.867+0100,2.499,3.601,9.038
2815,2024-09-12T20:23:03.874+0100,2.531,3.658,8.660
2815,2024-09-12T20:23:03.880+0100,2.466,3.740,8.162
2815,2024-09-12T20:23:03.886+0100,2.248,3.812,7.743
2815,2024-09-12T20:23:03.893+0100,2.009,3.843,7.513
2815,2024-09-12T20:23:03.981+0100,1.927,3.864,7.518
2815,2024-09-12T20:23:03.988+0100,2.023,3.821,7.707
2815,2024-09-12T20:23:03.994+0100,2.332,3.781,8.236
2815,2024-09-12T20:23:04.000+0100,2.624,3.742,9.019
2815,2024-09-12T20:23:04.006+0100,2.813,3.668,9.768
2815,2024-09-12T20:23:04.090+0100,2.825,3.582,10.207
2815,2024-09-12T20:23:04.097+0100,2.832,3.522,10.281
2815,2024-09-12T20:23:04.103+0100,2.784,3.613,9.732
2815,2024-09-12T20:23:04.110+0100,2.698,3.771,8.866
2815,2024-09-12T20:23:04.116+0100,2.466,3.869,8.011
2815,2024-09-12T20:23:04.231+0100,2.148,3.991,7.587
2815,2024-09-12T20:23:04.238+0100,1.714,3.790,7.527
2815,2024-09-12T20:23:04.244+0100,1.683,3.742,8.068
2815,2024-09-12T20:23:04.250+0100,1.820,3.649,8.827
2815,2024-09-12T20:23:04.256+0100,1.899,3.534,9.347
2815,2024-09-12T20:23:04.263+0100,2.171,3.517,9.709
2815,2024-09-12T20:23:04.269+0100,2.413,3.582,9.974
2815,2024-09-12T20:23:04.276+0100,2.579,3.687,9.934
2815,2024-09-12T20:23:04.282+0100,2.619,3.819,9.522
2815,2024-09-12T20:23:04.288+0100,2.588,3.919,9.045
2815,2024-09-12T20:23:04.344+0100,2.492,3.963,8.636
2815,2024-09-12T20:23:04.351+0100,2.409,3.986,8.322
2815,2024-09-12T20:23:04.357+0100,2.387,3.955,8.025
2815,2024-09-12T20:23:04.363+0100,2.303,3.881,7.784
2815,2024-09-12T20:23:04.369+0100,2.207,3.759,7.767
2815,2024-09-12T20:23:04.440+0100,2.069,3.644,7.954
2815,2024-09-12T20:23:04.447+0100,2.011,3.575,8.198
2815,2024-09-12T20:23:04.453+0100,2.095,3.553,8.440
2815,2024-09-12T20:23:04.460+0100,2.191,3.589,8.643
2815,2024-09-12T20:23:04.466+0100,2.327,3.635,8.839
2815,2024-09-12T20:23:04.550+0100,2.499,3.716,8.952
2815,2024-09-12T20:23:04.556+0100,2.655,3.821,8.899
2815,2024-09-12T20:23:04.563+0100,2.583,3.943,8.657
2815,2024-09-12T20:23:04.569+0100,2.382,4.030,8.351
2815,2024-09-12T20:23:04.575+0100,2.195,4.085,8.147
2815,2024-09-12T20:23:04.670+0100,2.126,4.070,8.198
2815,2024-09-12T20:23:04.676+0100,2.126,3.915,8.543
2815,2024-09-12T20:23:04.683+0100,2.133,3.754,8.871
2815,2024-09-12T20:23:04.689+0100,2.207,3.615,9.187
2815,2024-09-12T20:23:04.698+0100,2.353,3.560,9.392
2815,2024-09-12T20:23:04.783+0100,2.387,3.546,9.371
2815,2024-09-12T20:23:04.790+0100,2.380,3.594,9.179
2815,2024-09-12T20:23:04.794+0100,2.344,3.690,8.923
2815,2024-09-12T20:23:04.797+0100,2.298,3.778,8.681
2815,2024-09-12T20:23:04.799+0100,2.243,3.857,8.497
2815,2024-09-12T20:23:04.881+0100,2.136,3.876,8.363
2815,2024-09-12T20:23:04.887+0100,2.085,3.864,8.258
2815,2024-09-12T20:23:04.893+0100,2.191,3.833,8.274
2815,2024-09-12T20:23:04.900+0100,2.320,3.759,8.528
2815,2024-09-12T20:23:04.906+0100,2.425,3.658,8.902
2815,2024-09-12T20:23:05.012+0100,2.547,3.615,9.175
2815,2024-09-12T20:23:05.019+0100,2.636,3.606,9.218
2815,2024-09-12T20:23:05.025+0100,2.626,3.649,9.031
2815,2024-09-12T20:23:05.031+0100,2.550,3.699,8.689
2815,2024-09-12T20:23:05.037+0100,2.478,3.740,8.428
2815,2024-09-12T20:23:05.090+0100,2.385,3.783,8.226
2815,2024-09-12T20:23:05.096+0100,2.289,3.773,8.159
2815,2024-09-12T20:23:05.103+0100,2.234,3.730,8.246
2815,2024-09-12T20:23:05.109+0100,2.160,3.656,8.373
2815,2024-09-12T20:23:05.115+0100,2.136,3.548,8.607
2815,2024-09-12T20:23:05.130+0100,2.176,3.529,8.906
2815,2024-09-12T20:23:05.136+0100,2.349,3.551,9.110
2815,2024-09-12T20:23:05.142+0100,2.459,3.589,9.201
2815,2024-09-12T20:23:05.149+0100,2.504,3.656,9.153
2815,2024-09-12T20:23:05.155+0100,2.564,3.685,9.105
2815,2024-09-12T20:23:05.251+0100,2.643,3.704,9.048
2815,2024-09-12T20:23:05.258+0100,2.624,3.785,8.904
2815,2024-09-12T20:23:05.264+0100,2.444,3.816,8.665
2815,2024-09-12T20:23:05.270+0100,2.176,3.814,8.483
2815,2024-09-12T20:23:05.276+0100,2.131,3.694,8.533
2815,2024-09-12T20:23:05.311+0100,2.313,3.615,8.720
2815,2024-09-12T20:23:05.317+0100,2.423,3.606,8.792
2815,2024-09-12T20:23:05.323+0100,2.322,3.599,8.803
2815,2024-09-12T20:23:05.330+0100,2.241,3.591,8.885
2815,2024-09-12T20:23:05.336+0100,2.320,3.644,8.902
2815,2024-09-12T20:23:05.432+0100,2.377,3.702,8.734
2815,2024-09-12T20:23:05.438+0100,2.339,3.730,8.564
2815,2024-09-12T20:23:05.444+0100,2.308,3.716,8.526
2815,2024-09-12T20:23:05.450+0100,2.377,3.723,8.543
2815,2024-09-12T20:23:05.456+0100,2.425,3.682,8.619
2815,2024-09-12T20:23:05.510+0100,2.420,3.627,8.763
2815,2024-09-12T20:23:05.516+0100,2.373,3.572,8.887
2815,2024-09-12T20:23:05.522+0100,2.334,3.544,8.914
2815,2024-09-12T20:23:05.529+0100,2.351,3.584,8.854
2815,2024-09-12T20:23:05.535+0100,2.387,3.635,8.796
2815,2024-09-12T20:23:05.636+0100,2.380,3.685,8.703
2815,2024-09-12T20:23:05.654+0100,2.351,3.742,8.600
2815,2024-09-12T20:23:05.668+0100,2.224,3.773,8.495
2815,2024-09-12T20:23:05.678+0100,2.128,3.740,8.497
2815,2024-09-12T20:23:05.686+0100,2.272,3.704,8.739
2815,2024-09-12T20:23:05.752+0100,2.442,3.675,8.928
2815,2024-09-12T20:23:05.763+0100,2.397,3.646,8.950
2815,2024-09-12T20:23:05.770+0100,2.236,3.611,8.969
2815,2024-09-12T20:23:05.776+0100,2.145,3.582,8.832
2815,2024-09-12T20:23:05.783+0100,2.140,3.575,8.593
2815,2024-09-12T20:23:05.849+0100,1.980,3.311,8.526
2815,2024-09-12T20:23:05.854+0100,2.052,3.905,8.633
2815,2024-09-12T20:23:05.860+0100,2.380,3.714,8.684
2815,2024-09-12T20:23:05.867+0100,2.327,3.457,8.736
2815,2024-09-12T20:23:05.873+0100,2.066,3.503,8.748
2815,2024-09-12T20:23:05.910+0100,2.045,3.472,8.775
2815,2024-09-12T20:23:05.916+0100,2.157,3.445,8.772
2815,2024-09-12T20:23:05.923+0100,2.236,3.481,8.770
2815,2024-09-12T20:23:05.929+0100,2.160,3.431,8.861
2815,2024-09-12T20:23:05.935+0100,1.970,3.417,8.983
2815,2024-09-12T20:23:06.030+0100,1.784,3.448,9.007
2815,2024-09-12T20:23:06.036+0100,1.741,3.477,8.978
2815,2024-09-12T20:23:06.043+0100,1.853,3.558,9.151
2815,2024-09-12T20:23:06.050+0100,2.037,3.589,9.321
2815,2024-09-12T20:23:06.056+0100,2.033,3.613,9.278
2815,2024-09-12T20:23:06.139+0100,1.954,3.646,9.141
2815,2024-09-12T20:23:06.146+0100,2.069,3.678,9.175
2815,2024-09-12T20:23:06.152+0100,2.294,3.709,9.287
2815,2024-09-12T20:23:06.158+0100,2.401,3.675,9.206
2815,2024-09-12T20:23:06.164+0100,2.428,3.625,9.036
2815,2024-09-12T20:23:06.251+0100,2.375,3.620,8.787
2815,2024-09-12T20:23:06.257+0100,2.270,3.627,8.492
2815,2024-09-12T20:23:06.264+0100,2.128,3.625,8.224
2815,2024-09-12T20:23:06.271+0100,2.023,3.565,8.107
2815,2024-09-12T20:23:06.277+0100,1.985,3.508,8.167
2815,2024-09-12T20:23:06.350+0100,1.910,3.503,8.248
2815,2024-09-12T20:23:06.356+0100,1.817,3.517,8.246
2815,2024-09-12T20:23:06.362+0100,1.867,3.601,8.255
2815,2024-09-12T20:23:06.369+0100,2.047,3.704,8.332
2815,2024-09-12T20:23:06.375+0100,2.183,3.690,8.485
2815,2024-09-12T20:23:06.445+0100,2.176,3.666,8.657
2815,2024-09-12T20:23:06.451+0100,2.088,3.623,8.772
2815,2024-09-12T20:23:06.457+0100,1.927,3.546,8.849
2815,2024-09-12T20:23:06.464+0100,1.800,3.532,8.918
2815,2024-09-12T20:23:06.470+0100,1.731,3.486,9.012
2815,2024-09-12T20:23:06.476+0100,1.784,3.402,9.122
2815,2024-09-12T20:23:06.483+0100,1.896,3.376,9.227
2815,2024-09-12T20:23:06.489+0100,2.006,3.350,9.347
2815,2024-09-12T20:23:06.495+0100,2.104,3.338,9.378
2815,2024-09-12T20:23:06.501+0100,2.241,3.366,9.290
2815,2024-09-12T20:23:06.539+0100,2.495,3.397,9.177
2815,2024-09-12T20:23:06.546+0100,2.729,3.433,9.098
2815,2024-09-12T20:23:06.552+0100,2.753,3.436,9.050
2815,2024-09-12T20:23:06.558+0100,2.552,3.433,8.904
2815,2024-09-12T20:23:06.564+0100,2.334,3.500,8.643
2815,2024-09-12T20:23:06.655+0100,2.358,3.591,8.499
2815,2024-09-12T20:23:06.662+0100,2.550,3.637,8.698
2815,2024-09-12T20:23:06.668+0100,2.844,3.520,9.266
2815,2024-09-12T20:23:06.674+0100,2.964,3.357,9.756
2815,2024-09-12T20:23:06.680+0100,3.017,3.278,9.974
2815,2024-09-12T20:23:06.770+0100,3.103,3.273,9.953
2815,2024-09-12T20:23:06.776+0100,3.124,3.287,9.699
2815,2024-09-12T20:23:06.783+0100,3.024,3.271,9.321
2815,2024-09-12T20:23:06.789+0100,2.916,3.213,9.033
2815,2024-09-12T20:23:06.793+0100,2.796,3.189,8.794
2815,2024-09-12T20:23:06.883+0100,2.576,3.187,8.552
2815,2024-09-12T20:23:06.889+0100,2.248,3.218,8.294
2815,2024-09-12T20:23:06.896+0100,1.932,3.247,8.066
2815,2024-09-12T20:23:06.903+0100,1.587,3.268,7.968
2815,2024-09-12T20:23:06.909+0100,1.312,3.275,8.009
2815,2024-09-12T20:23:07.011+0100,1.128,3.239,8.157
2815,2024-09-12T20:23:07.020+0100,1.046,3.307,8.442
2815,2024-09-12T20:23:07.027+0100,1.049,3.417,8.727
2815,2024-09-12T20:23:07.034+0100,1.025,3.462,8.897
2815,2024-09-12T20:23:07.041+0100,1.010,3.496,9.026
2815,2024-09-12T20:23:07.050+0100,1.013,3.532,9.225
2815,2024-09-12T20:23:07.067+0100,1.032,3.536,9.443
2815,2024-09-12T20:23:07.075+0100,1.094,3.498,9.673
2815,2024-09-12T20:23:07.082+0100,1.192,3.469,9.862
2815,2024-09-12T20:23:07.088+0100,1.295,3.386,9.943
2815,2024-09-12T20:23:07.131+0100,1.405,3.318,9.917
2815,2024-09-12T20:23:07.137+0100,1.487,3.237,9.752
2815,2024-09-12T20:23:07.144+0100,1.590,3.137,9.500
2815,2024-09-12T20:23:07.150+0100,1.633,3.067,9.179
2815,2024-09-12T20:23:07.156+0100,1.633,2.978,8.861
2815,2024-09-12T20:23:07.228+0100,1.587,2.890,8.686
2815,2024-09-12T20:23:07.234+0100,1.542,2.722,8.708
2815,2024-09-12T20:23:07.240+0100,1.441,2.607,8.710
2815,2024-09-12T20:23:07.246+0100,1.276,2.516,8.607
2815,2024-09-12T20:23:07.253+0100,1.175,2.418,8.490
2815,2024-09-12T20:23:07.342+0100,1.125,2.401,8.430
2815,2024-09-12T20:23:07.348+0100,1.142,2.473,8.478
2815,2024-09-12T20:23:07.355+0100,1.317,2.607,8.607
2815,2024-09-12T20:23:07.361+0100,1.709,2.794,8.830
2815,2024-09-12T20:23:07.367+0100,2.227,3.096,8.906
2815,2024-09-12T20:23:07.455+0100,2.696,3.386,8.784
2815,2024-09-12T20:23:07.461+0100,3.000,3.599,8.739
2815,2024-09-12T20:23:07.468+0100,3.093,3.694,8.827
2815,2024-09-12T20:23:07.474+0100,3.077,3.678,9.009
2815,2024-09-12T20:23:07.480+0100,3.029,3.623,9.292
2815,2024-09-12T20:23:07.570+0100,2.904,3.577,9.462
2815,2024-09-12T20:23:07.576+0100,2.737,3.539,9.445
2815,2024-09-12T20:23:07.582+0100,2.593,3.527,9.371
2815,2024-09-12T20:23:07.591+0100,2.399,3.488,9.330
2815,2024-09-12T20:23:07.598+0100,2.140,3.421,9.170
2815,2024-09-12T20:23:07.647+0100,1.860,3.366,9.041
2815,2024-09-12T20:23:07.654+0100,1.571,3.302,9.026
2815,2024-09-12T20:23:07.660+0100,1.362,3.213,9.112
2815,2024-09-12T20:23:07.666+0100,1.219,3.125,9.194
2815,2024-09-12T20:23:07.672+0100,1.101,3.053,9.208
2815,2024-09-12T20:23:07.769+0100,0.900,2.962,9.251
2815,2024-09-12T20:23:07.779+0100,0.740,2.861,9.376
2815,2024-09-12T20:23:07.782+0100,0.642,2.797,9.486
2815,2024-09-12T20:23:07.784+0100,0.637,2.773,9.591
2815,2024-09-12T20:23:07.786+0100,0.711,2.756,9.610
2815,2024-09-12T20:23:07.849+0100,0.752,2.765,9.519
2815,2024-09-12T20:23:07.852+0100,0.764,2.763,9.455
2815,2024-09-12T20:23:07.854+0100,0.869,2.756,9.512
2815,2024-09-12T20:23:07.857+0100,0.998,2.722,9.555
2815,2024-09-12T20:23:07.859+0100,1.118,2.756,9.529
2815,2024-09-12T20:23:07.952+0100,1.269,2.828,9.397
2815,2024-09-12T20:23:07.958+0100,1.480,2.921,9.294
2815,2024-09-12T20:23:07.965+0100,1.635,2.993,9.201
2815,2024-09-12T20:23:07.971+0100,1.762,3.074,9.148
2815,2024-09-12T20:23:07.977+0100,1.894,3.110,9.139
2815,2024-09-12T20:23:08.087+0100,2.028,3.146,9.165
2815,2024-09-12T20:23:08.104+0100,2.078,3.115,9.196
2815,2024-09-12T20:23:08.120+0100,2.021,3.084,9.275
2815,2024-09-12T20:23:08.133+0100,1.903,3.036,9.313
2815,2024-09-12T20:23:08.142+0100,1.800,2.981,9.187
2815,2024-09-12T20:23:08.149+0100,1.690,2.952,9.064
2815,2024-09-12T20:23:08.156+0100,1.597,2.909,8.995
2815,2024-09-12T20:23:08.162+0100,1.441,2.873,8.966
2815,2024-09-12T20:23:08.168+0100,1.262,2.866,8.957
2815,2024-09-12T20:23:08.175+0100,1.219,2.847,8.988
2815,2024-09-12T20:23:08.181+0100,1.305,2.899,9.043
2815,2024-09-12T20:23:08.186+0100,1.365,2.919,9.132
2815,2024-09-12T20:23:08.191+0100,1.310,2.878,9.251
2815,2024-09-12T20:23:08.195+0100,1.271,2.873,9.333
2815,2024-09-12T20:23:08.199+0100,1.293,2.859,9.328
2815,2024-09-12T20:23:08.257+0100,1.290,2.861,9.292
2815,2024-09-12T20:23:08.263+0100,1.295,2.883,9.261
2815,2024-09-12T20:23:08.270+0100,1.338,2.878,9.218
2815,2024-09-12T20:23:08.276+0100,1.412,2.914,9.206
2815,2024-09-12T20:23:08.282+0100,1.602,2.952,9.242
2815,2024-09-12T20:23:08.372+0100,1.793,3.029,9.220
2815,2024-09-12T20:23:08.378+0100,1.858,3.050,9.124
2815,2024-09-12T20:23:08.384+0100,1.824,3.069,9.009
2815,2024-09-12T20:23:08.390+0100,1.798,3.069,8.911
2815,2024-09-12T20:23:08.396+0100,1.786,3.091,8.856
2815,2024-09-12T20:23:08.486+0100,1.815,3.098,8.940
2815,2024-09-12T20:23:08.493+0100,1.762,3.084,9.045
2815,2024-09-12T20:23:08.499+0100,1.683,3.060,9.081
2815,2024-09-12T20:23:08.506+0100,1.616,3.048,9.091
2815,2024-09-12T20:23:08.512+0100,1.592,3.024,9.146
2815,2024-09-12T20:23:08.615+0100,1.597,2.998,9.304
2815,2024-09-12T20:23:08.632+0100,1.511,2.940,9.426
2815,2024-09-12T20:23:08.647+0100,1.384,2.907,9.369
2815,2024-09-12T20:23:08.657+0100,1.355,2.904,9.333
2815,2024-09-12T20:23:08.665+0100,1.345,2.904,9.249
2815,2024-09-12T20:23:08.710+0100,1.329,2.931,9.088
2815,2024-09-12T20:23:08.717+0100,1.353,2.945,9.017
2815,2024-09-12T20:23:08.723+0100,1.432,2.983,9.009
2815,2024-09-12T20:23:08.729+0100,1.597,3.050,9.091
2815,2024-09-12T20:23:08.736+0100,1.700,3.091,9.246
2815,2024-09-12T20:23:08.791+0100,1.762,3.101,9.421
2815,2024-09-12T20:23:08.794+0100,1.791,3.122,9.486
2815,2024-09-12T20:23:08.796+0100,1.748,3.132,9.491
2815,2024-09-12T20:23:08.799+0100,1.630,3.058,9.481
2815,2024-09-12T20:23:08.801+0100,1.511,3.022,9.426
2815,2024-09-12T20:23:08.912+0100,1.403,2.986,9.354
2815,2024-09-12T20:23:08.918+0100,1.310,2.945,9.218
2815,2024-09-12T20:23:08.925+0100,1.242,2.933,9.246
2815,2024-09-12T20:23:08.931+0100,1.183,2.895,9.349
2815,2024-09-12T20:23:08.937+0100,1.137,2.945,9.242
2815,2024-09-12T20:23:09.021+0100,1.159,3.046,9.139
2815,2024-09-12T20:23:09.029+0100,1.163,3.053,9.191
2815,2024-09-12T20:23:09.038+0100,1.187,3.081,9.321
2815,2024-09-12T20:23:09.048+0100,1.391,3.192,9.395
2815,2024-09-12T20:23:09.055+0100,1.602,3.275,9.476
2815,2024-09-12T20:23:09.061+0100,1.743,3.366,9.488
2815,2024-09-12T20:23:09.068+0100,1.671,3.419,9.438
2815,2024-09-12T20:23:09.074+0100,1.559,3.352,9.512
2815,2024-09-12T20:23:09.080+0100,1.520,3.393,9.553
2815,2024-09-12T20:23:09.085+0100,1.496,3.453,9.618
2815,2024-09-12T20:23:09.175+0100,1.408,3.460,9.596
2815,2024-09-12T20:23:09.181+0100,1.317,3.536,9.471
2815,2024-09-12T20:23:09.188+0100,1.262,3.666,9.416
2815,2024-09-12T20:23:09.194+0100,1.262,3.735,9.280
2815,2024-09-12T20:23:09.200+0100,1.322,3.958,8.935
2815,2024-09-12T20:23:09.282+0100,1.410,4.118,8.557
2815,2024-09-12T20:23:09.289+0100,1.377,4.224,8.442
2815,2024-09-12T20:23:09.296+0100,1.264,4.154,8.538
2815,2024-09-12T20:23:09.302+0100,1.214,4.226,8.619
2815,2024-09-12T20:23:09.309+0100,1.300,4.343,8.418
2815,2024-09-12T20:23:09.391+0100,1.319,4.487,8.064
2815,2024-09-12T20:23:09.398+0100,1.192,4.528,7.839
2815,2024-09-12T20:23:09.404+0100,0.953,4.564,7.705
2815,2024-09-12T20:23:09.411+0100,0.891,4.556,7.637
2815,2024-09-12T20:23:09.417+0100,0.998,4.671,7.666
2815,2024-09-12T20:23:09.499+0100,1.058,4.736,7.769
2815,2024-09-12T20:23:09.506+0100,1.068,4.717,7.848
2815,2024-09-12T20:23:09.513+0100,0.953,4.791,7.762
2815,2024-09-12T20:23:09.519+0100,0.891,4.863,7.726
2815,2024-09-12T20:23:09.526+0100,0.879,4.908,7.764
2815,2024-09-12T20:23:09.532+0100,0.823,4.959,7.781
2815,2024-09-12T20:23:09.538+0100,0.800,4.942,7.903
2815,2024-09-12T20:23:09.545+0100,0.768,4.870,8.193
2815,2024-09-12T20:23:09.551+0100,0.749,4.805,8.526
2815,2024-09-12T20:23:09.557+0100,0.718,4.791,8.698
2815,2024-09-12T20:23:09.594+0100,0.653,4.815,8.645
2815,2024-09-12T20:23:09.600+0100,0.551,4.810,8.600
2815,2024-09-12T20:23:09.606+0100,0.512,4.789,8.619
2815,2024-09-12T20:23:09.612+0100,0.491,4.772,8.571
2815,2024-09-12T20:23:09.619+0100,0.481,4.796,8.475
2815,2024-09-12T20:23:09.690+0100,0.476,4.769,8.466
2815,2024-09-12T20:23:09.696+0100,0.543,4.722,8.600
2815,2024-09-12T20:23:09.703+0100,0.546,4.683,8.672
2815,2024-09-12T20:23:09.709+0100,0.448,4.669,8.655
2815,2024-09-12T20:23:09.716+0100,0.395,4.702,8.578
2815,2024-09-12T20:23:09.784+0100,0.476,4.772,8.535
2815,2024-09-12T20:23:09.787+0100,0.620,4.829,8.514
2815,2024-09-12T20:23:09.789+0100,0.670,4.870,8.444
2815,2024-09-12T20:23:09.792+0100,0.668,4.884,8.459
2815,2024-09-12T20:23:09.794+0100,0.613,4.844,8.471
2815,2024-09-12T20:23:09.896+0100,0.534,4.829,8.416
2815,2024-09-12T20:23:09.915+0100,0.479,4.839,8.337
2815,2024-09-12T20:23:09.928+0100,0.445,4.827,8.329
2815,2024-09-12T20:23:09.939+0100,0.325,4.784,8.274
2815,2024-09-12T20:23:09.947+0100,0.318,4.762,8.322
2815,2024-09-12T20:23:09.990+0100,0.440,4.741,8.511
2815,2024-09-12T20:23:09.996+0100,0.416,4.702,8.600
2815,2024-09-12T20:23:10.003+0100,0.318,4.683,8.576
2815,2024-09-12T20:23:10.009+0100,0.290,4.726,8.485
2815,2024-09-12T20:23:10.015+0100,0.237,4.745,8.353
2815,2024-09-12T20:23:10.071+0100,0.160,4.712,8.274
2815,2024-09-12T20:23:10.077+0100,0.093,4.645,8.298
2815,2024-09-12T20:23:10.084+0100,0.009,4.537,8.456
2815,2024-09-12T20:23:10.090+0100,0.002,4.501,8.569
2815,2024-09-12T20:23:10.096+0100,0.074,4.494,8.586
2815,2024-09-12T20:23:10.171+0100,0.175,4.554,8.562
2815,2024-09-12T20:23:10.177+0100,0.170,4.540,8.526
2815,2024-09-12T20:23:10.184+0100,0.170,4.559,8.547
2815,2024-09-12T20:23:10.190+0100,0.258,4.578,8.622
2815,2024-09-12T20:23:10.196+0100,0.364,4.597,8.653
2815,2024-09-12T20:23:10.304+0100,0.450,4.619,8.650
2815,2024-09-12T20:23:10.323+0100,0.505,4.614,8.638
2815,2024-09-12T20:23:10.339+0100,0.541,4.616,8.631
2815,2024-09-12T20:23:10.351+0100,0.558,4.614,8.636
2815,2024-09-12T20:23:10.360+0100,0.539,4.587,8.631
2815,2024-09-12T20:23:10.376+0100,0.536,4.556,8.578
2815,2024-09-12T20:23:10.383+0100,0.548,4.578,8.514
2815,2024-09-12T20:23:10.389+0100,0.527,4.573,8.499
2815,2024-09-12T20:23:10.395+0100,0.462,4.556,8.483
2815,2024-09-12T20:23:10.401+0100,0.412,4.542,8.497
2815,2024-09-12T20:23:10.453+0100,0.357,4.516,8.511
2815,2024-09-12T20:23:10.459+0100,0.316,4.499,8.523
2815,2024-09-12T20:23:10.465+0100,0.290,4.475,8.610
2815,2024-09-12T20:23:10.472+0100,0.254,4.446,8.684
2815,2024-09-12T20:23:10.478+0100,0.227,4.451,8.650
2815,2024-09-12T20:23:10.548+0100,0.223,4.458,8.569
2815,2024-09-12T20:23:10.554+0100,0.218,4.458,8.540
2815,2024-09-12T20:23:10.561+0100,0.220,4.439,8.564
2815,2024-09-12T20:23:10.567+0100,0.275,4.386,8.696
2815,2024-09-12T20:23:10.573+0100,0.280,4.355,8.784
2815,2024-09-12T20:23:10.676+0100,0.270,4.346,8.746
2815,2024-09-12T20:23:10.695+0100,0.385,4.348,8.758
2815,2024-09-12T20:23:10.710+0100,0.507,4.367,8.815
2815,2024-09-12T20:23:10.720+0100,0.579,4.350,8.827
2815,2024-09-12T20:23:10.729+0100,0.596,4.355,8.744
2815,2024-09-12T20:23:10.797+0100,0.677,4.367,8.686
2815,2024-09-12T20:23:10.801+0100,0.792,4.372,8.684
2815,2024-09-12T20:23:10.804+0100,0.869,4.372,8.701
2815,2024-09-12T20:23:10.806+0100,0.907,4.374,8.701
2815,2024-09-12T20:23:10.808+0100,0.900,4.360,8.696
2815,2024-09-12T20:23:10.891+0100,0.879,4.338,8.741
2815,2024-09-12T20:23:10.898+0100,0.862,4.288,8.849
2815,2024-09-12T20:23:10.905+0100,0.838,4.252,8.871
2815,2024-09-12T20:23:10.911+0100,0.797,4.257,8.784
2815,2024-09-12T20:23:10.918+0100,0.723,4.250,8.693
2815,2024-09-12T20:23:11.006+0100,0.697,4.247,8.713
2815,2024-09-12T20:23:11.013+0100,0.663,4.238,8.691
2815,2024-09-12T20:23:11.019+0100,0.572,4.226,8.614
2815,2024-09-12T20:23:11.025+0100,0.512,4.200,8.593
2815,2024-09-12T20:23:11.032+0100,0.469,4.195,8.633
2815,2024-09-12T20:23:11.064+0100,0.426,4.164,8.636
2815,2024-09-12T20:23:11.070+0100,0.407,4.147,8.626
2815,2024-09-12T20:23:11.076+0100,0.433,4.147,8.657
2815,2024-09-12T20:23:11.083+0100,0.481,4.171,8.693
2815,2024-09-12T20:23:11.089+0100,0.531,4.216,8.720
2815,2024-09-12T20:23:11.179+0100,0.596,4.235,8.724
2815,2024-09-12T20:23:11.186+0100,0.677,4.252,8.760
2815,2024-09-12T20:23:11.192+0100,0.704,4.259,8.808
2815,2024-09-12T20:23:11.198+0100,0.764,4.281,8.844
2815,2024-09-12T20:23:11.204+0100,0.809,4.305,8.871
2815,2024-09-12T20:23:11.290+0100,0.776,4.319,8.823
2815,2024-09-12T20:23:11.297+0100,0.713,4.315,8.739
2815,2024-09-12T20:23:11.303+0100,0.685,4.298,8.693
2815,2024-09-12T20:23:11.309+0100,0.680,4.264,8.727
2815,2024-09-12T20:23:11.316+0100,0.634,4.228,8.727
2815,2024-09-12T20:23:11.389+0100,0.565,4.216,8.689
2815,2024-09-12T20:23:11.396+0100,0.515,4.209,8.715
2815,2024-09-12T20:23:11.402+0100,0.498,4.185,8.792
2815,2024-09-12T20:23:11.408+0100,0.419,4.164,8.772
2815,2024-09-12T20:23:11.415+0100,0.328,4.171,8.684
2815,2024-09-12T20:23:11.446+0100,0.323,4.183,8.660
2815,2024-09-12T20:23:11.455+0100,0.383,4.209,8.701
2815,2024-09-12T20:23:11.462+0100,0.467,4.214,8.801
2815,2024-09-12T20:23:11.475+0100,0.498,4.195,8.875
2815,2024-09-12T20:23:11.481+0100,0.515,4.214,8.868
2815,2024-09-12T20:23:11.512+0100,0.551,4.231,8.844
2815,2024-09-12T20:23:11.518+0100,0.613,4.233,8.827
2815,2024-09-12T20:23:11.525+0100,0.704,4.243,8.856
2815,2024-09-12T20:23:11.531+0100,0.658,4.228,8.868
2815,2024-09-12T20:23:11.537+0100,0.548,4.202,8.799
2815,2024-09-12T20:23:11.597+0100,0.469,4.202,8.727
2815,2024-09-12T20:23:11.604+0100,0.510,4.200,8.744
2815,2024-09-12T20:23:11.610+0100,0.539,4.180,8.796
2815,2024-09-12T20:23:11.616+0100,0.507,4.147,8.861
2815,2024-09-12T20:23:11.622+0100,0.488,4.133,8.882
2815,2024-09-12T20:23:11.694+0100,0.522,4.140,8.851
2815,2024-09-12T20:23:11.701+0100,0.555,4.166,8.808
2815,2024-09-12T20:23:11.707+0100,0.555,4.159,8.782
2815,2024-09-12T20:23:11.713+0100,0.551,4.156,8.782
2815,2024-09-12T20:23:11.720+0100,0.555,4.154,8.796
2815,2024-09-12T20:23:11.790+0100,0.579,4.161,8.818
2815,2024-09-12T20:23:11.797+0100,0.651,4.159,8.880
2815,2024-09-12T20:23:11.801+0100,0.658,4.152,8.873
2815,2024-09-12T20:23:11.803+0100,0.637,4.154,8.787
2815,2024-09-12T20:23:11.806+0100,0.627,4.180,8.724
2815,2024-09-12T20:23:11.904+0100,0.618,4.164,8.736
2815,2024-09-12T20:23:11.911+0100,0.634,4.142,8.813
2815,2024-09-12T20:23:11.917+0100,0.656,4.121,8.832
2815,2024-09-12T20:23:11.924+0100,0.613,4.123,8.777
2815,2024-09-12T20:23:11.930+0100,0.560,4.123,8.717
2815,2024-09-12T20:23:11.981+0100,0.553,4.123,8.708
2815,2024-09-12T20:23:11.987+0100,0.572,4.140,8.724
2815,2024-09-12T20:23:11.994+0100,0.594,4.140,8.794
2815,2024-09-12T20:23:12.000+0100,0.606,4.118,8.849
2815,2024-09-12T20:23:12.006+0100,0.618,4.130,8.849
2815,2024-09-12T20:23:12.075+0100,0.670,4.149,8.842
2815,2024-09-12T20:23:12.082+0100,0.675,4.147,8.830
2815,2024-09-12T20:23:12.088+0100,0.680,4.140,8.815
2815,2024-09-12T20:23:12.094+0100,0.713,4.125,8.823
2815,2024-09-12T20:23:12.100+0100,0.723,4.149,8.784
2815,2024-09-12T20:23:12.210+0100,0.706,4.166,8.708
2815,2024-09-12T20:23:12.216+0100,0.632,4.188,8.667
2815,2024-09-12T20:23:12.223+0100,0.579,4.188,8.701
2815,2024-09-12T20:23:12.229+0100,0.601,4.200,8.780
2815,2024-09-12T20:23:12.235+0100,0.637,4.195,8.875
2815,2024-09-12T20:23:12.267+0100,0.625,4.178,9.000
2815,2024-09-12T20:23:12.273+0100,0.651,4.125,9.163
2815,2024-09-12T20:23:12.279+0100,0.625,4.073,9.203
2815,2024-09-12T20:23:12.286+0100,0.627,4.046,9.170
2815,2024-09-12T20:23:12.292+0100,0.644,4.010,9.120
2815,2024-09-12T20:23:12.382+0100,0.625,4.013,8.954
2815,2024-09-12T20:23:12.388+0100,0.610,4.085,8.629
2815,2024-09-12T20:23:12.395+0100,0.591,4.135,8.380
2815,2024-09-12T20:23:12.401+0100,0.531,4.118,8.310
2815,2024-09-12T20:23:12.407+0100,0.539,4.075,8.341
2815,2024-09-12T20:23:12.490+0100,0.560,4.133,8.413
2815,2024-09-12T20:23:12.496+0100,0.574,4.197,8.507
2815,2024-09-12T20:23:12.503+0100,0.572,4.231,8.638
2815,2024-09-12T20:23:12.509+0100,0.649,4.245,8.851
2815,2024-09-12T20:23:12.516+0100,0.756,4.238,9.091
2815,2024-09-12T20:23:12.627+0100,0.855,4.192,9.335
2815,2024-09-12T20:23:12.633+0100,0.831,4.156,9.426
2815,2024-09-12T20:23:12.639+0100,0.713,4.089,9.357
2815,2024-09-12T20:23:12.646+0100,0.630,4.039,9.199
2815,2024-09-12T20:23:12.652+0100,0.584,3.996,8.990
2815,2024-09-12T20:23:12.658+0100,0.522,3.986,8.727
2815,2024-09-12T20:23:12.665+0100,0.476,4.008,8.480
2815,2024-09-12T20:23:12.671+0100,0.479,4.044,8.296
2815,2024-09-12T20:23:12.677+0100,0.472,4.087,8.234
2815,2024-09-12T20:23:12.683+0100,0.515,4.142,8.322
2815,2024-09-12T20:23:12.743+0100,0.610,4.178,8.485
2815,2024-09-12T20:23:12.750+0100,0.728,4.214,8.715
2815,2024-09-12T20:23:12.756+0100,0.847,4.235,8.957
2815,2024-09-12T20:23:12.762+0100,0.931,4.231,9.136
2815,2024-09-12T20:23:12.769+0100,0.965,4.231,9.213
2815,2024-09-12T20:23:12.839+0100,0.946,4.231,9.184
2815,2024-09-12T20:23:12.845+0100,0.809,4.200,9.038
2815,2024-09-12T20:23:12.852+0100,0.653,4.156,8.899
2815,2024-09-12T20:23:12.858+0100,0.529,4.111,8.787
2815,2024-09-12T20:23:12.864+0100,0.462,4.092,8.672
2815,2024-09-12T20:23:12.934+0100,0.376,4.077,8.614
2815,2024-09-12T20:23:12.940+0100,0.330,4.085,8.581
2815,2024-09-12T20:23:12.946+0100,0.352,4.087,8.624
2815,2024-09-12T20:23:12.953+0100,0.450,4.111,8.710
2815,2024-09-12T20:23:12.959+0100,0.584,4.113,8.813
2815,2024-09-12T20:23:13.050+0100,0.737,4.140,8.918
2815,2024-09-12T20:23:13.056+0100,0.883,4.154,8.964
2815,2024-09-12T20:23:13.062+0100,0.970,4.185,8.947
2815,2024-09-12T20:23:13.068+0100,1.037,4.188,8.909
2815,2024-09-12T20:23:13.075+0100,1.013,4.200,8.856
2815,2024-09-12T20:23:13.164+0100,0.977,4.202,8.775
2815,2024-09-12T20:23:13.170+0100,0.900,4.221,8.681
2815,2024-09-12T20:23:13.176+0100,0.845,4.228,8.648
2815,2024-09-12T20:23:13.183+0100,0.790,4.228,8.701
2815,2024-09-12T20:23:13.189+0100,0.704,4.238,8.708
2815,2024-09-12T20:23:13.270+0100,0.601,4.233,8.669
2815,2024-09-12T20:23:13.277+0100,0.591,4.216,8.756
2815,2024-09-12T20:23:13.283+0100,0.620,4.168,8.945
2815,2024-09-12T20:23:13.289+0100,0.606,4.133,9.043
2815,2024-09-12T20:23:13.296+0100,0.565,4.113,8.981
2815,2024-09-12T20:23:13.373+0100,0.553,4.106,8.820
2815,2024-09-12T20:23:13.379+0100,0.563,4.104,8.677
2815,2024-09-12T20:23:13.386+0100,0.570,4.135,8.538
2815,2024-09-12T20:23:13.392+0100,0.560,4.168,8.428
2815,2024-09-12T20:23:13.398+0100,0.560,4.226,8.435
2815,2024-09-12T20:23:13.489+0100,0.606,4.235,8.545
2815,2024-09-12T20:23:13.496+0100,0.673,4.235,8.689
2815,2024-09-12T20:23:13.502+0100,0.735,4.245,8.830
2815,2024-09-12T20:23:13.508+0100,0.752,4.252,8.904
2815,2024-09-12T20:23:13.515+0100,0.730,4.245,8.954
2815,2024-09-12T20:23:13.526+0100,0.740,4.224,8.969
2815,2024-09-12T20:23:13.532+0100,0.819,4.195,8.985
2815,2024-09-12T20:23:13.539+0100,0.831,4.180,8.952
2815,2024-09-12T20:23:13.545+0100,0.797,4.137,8.849
2815,2024-09-12T20:23:13.551+0100,0.790,4.173,8.705
2815,2024-09-12T20:23:13.610+0100,0.833,4.219,8.586
2815,2024-09-12T20:23:13.617+0100,0.874,4.233,8.564
2815,2024-09-12T20:23:13.623+0100,0.876,4.219,8.605
2815,2024-09-12T20:23:13.629+0100,0.893,4.209,8.686
2815,2024-09-12T20:23:13.636+0100,0.898,4.207,8.770
2815,2024-09-12T20:23:13.698+0100,0.895,4.190,8.818
2815,2024-09-12T20:23:13.704+0100,0.876,4.216,8.815
2815,2024-09-12T20:23:13.710+0100,0.828,4.219,8.765
2815,2024-09-12T20:23:13.716+0100,0.778,4.209,8.732
2815,2024-09-12T20:23:13.722+0100,0.728,4.190,8.746
2815,2024-09-12T20:23:13.812+0100,0.752,4.185,8.818
2815,2024-09-12T20:23:13.818+0100,0.764,4.176,8.854
2815,2024-09-12T20:23:13.829+0100,0.701,4.185,8.765
2815,2024-09-12T20:23:13.841+0100,0.677,4.202,8.653
2815,2024-09-12T20:23:13.855+0100,0.730,4.219,8.586
2815,2024-09-12T20:23:13.888+0100,0.692,4.221,8.578
2815,2024-09-12T20:23:13.895+0100,0.634,4.176,8.602
2815,2024-09-12T20:23:13.902+0100,0.615,4.164,8.653
2815,2024-09-12T20:23:13.909+0100,0.682,4.176,8.727
2815,2024-09-12T20:23:13.915+0100,0.778,4.173,8.818
2815,2024-09-12T20:23:13.984+0100,0.831,4.197,8.863
2815,2024-09-12T20:23:13.990+0100,0.835,4.221,8.825
2815,2024-09-12T20:23:13.997+0100,0.821,4.250,8.696
2815,2024-09-12T20:23:14.003+0100,0.812,4.257,8.655
2815,2024-09-12T20:23:14.009+0100,0.821,4.226,8.727
2815,2024-09-12T20:23:14.099+0100,0.807,4.212,8.782
2815,2024-09-12T20:23:14.105+0100,0.742,4.221,8.768
2815,2024-09-12T20:23:14.111+0100,0.701,4.202,8.760
2815,2024-09-12T20:23:14.118+0100,0.689,4.188,8.746
2815,2024-09-12T20:23:14.124+0100,0.716,4.202,8.741
2815,2024-09-12T20:23:14.218+0100,0.730,4.188,8.753
2815,2024-09-12T20:23:14.237+0100,0.716,4.154,8.796
2815,2024-09-12T20:23:14.251+0100,0.723,4.137,8.820
2815,2024-09-12T20:23:14.261+0100,0.735,4.140,8.820
2815,2024-09-12T20:23:14.269+0100,0.742,4.130,8.772
2815,2024-09-12T20:23:14.290+0100,0.752,4.149,8.777
2815,2024-09-12T20:23:14.296+0100,0.785,4.133,8.775
2815,2024-09-12T20:23:14.303+0100,0.783,4.178,8.736
2815,2024-09-12T20:23:14.309+0100,0.792,4.164,8.756
2815,2024-09-12T20:23:14.315+0100,0.823,4.156,8.842
2815,2024-09-12T20:23:14.429+0100,0.850,4.156,8.878
2815,2024-09-12T20:23:14.445+0100,0.833,4.159,8.847
2815,2024-09-12T20:23:14.460+0100,0.804,4.154,8.820
2815,2024-09-12T20:23:14.471+0100,0.809,4.164,8.818
2815,2024-09-12T20:23:14.480+0100,0.812,4.145,8.818
2815,2024-09-12T20:23:14.530+0100,0.771,4.116,8.811
2815,2024-09-12T20:23:14.537+0100,0.766,4.101,8.808
2815,2024-09-12T20:23:14.543+0100,0.742,4.099,8.775
2815,2024-09-12T20:23:14.550+0100,0.721,4.097,8.710
2815,2024-09-12T20:23:14.556+0100,0.733,4.104,8.715
2815,2024-09-12T20:23:14.656+0100,0.780,4.099,8.765
2815,2024-09-12T20:23:14.676+0100,0.780,4.089,8.815
2815,2024-09-12T20:23:14.691+0100,0.776,4.104,8.837
2815,2024-09-12T20:23:14.702+0100,0.740,4.109,8.823
2815,2024-09-12T20:23:14.711+0100,0.761,4.125,8.820
2815,2024-09-12T20:23:14.729+0100,0.776,4.118,8.851
2815,2024-09-12T20:23:14.736+0100,0.733,4.101,8.808
2815,2024-09-12T20:23:14.742+0100,0.701,4.094,8.741
2815,2024-09-12T20:23:14.748+0100,0.711,4.094,8.748
2815,2024-09-12T20:23:14.755+0100,0.699,4.073,8.784
2815,2024-09-12T20:23:14.830+0100,0.668,4.056,8.801
2815,2024-09-12T20:23:14.836+0100,0.649,4.049,8.808
2815,2024-09-12T20:23:14.843+0100,0.656,4.058,8.839
2815,2024-09-12T20:23:14.849+0100,0.625,4.034,8.892
2815,2024-09-12T20:23:14.855+0100,0.637,4.042,8.856
2815,2024-09-12T20:23:14.861+0100,0.656,4.077,8.792
2815,2024-09-12T20:23:14.868+0100,0.689,4.063,8.880
2815,2024-09-12T20:23:14.874+0100,0.711,4.027,8.971
2815,2024-09-12T20:23:14.880+0100,0.713,4.022,9.005
2815,2024-09-12T20:23:14.885+0100,0.718,3.994,8.995
2815,2024-09-12T20:23:14.951+0100,0.721,3.984,8.952
2815,2024-09-12T20:23:14.957+0100,0.783,3.984,8.887
2815,2024-09-12T20:23:14.964+0100,0.867,3.998,8.851
2815,2024-09-12T20:23:14.970+0100,0.931,3.996,8.839
2815,2024-09-12T20:23:14.976+0100,0.970,3.994,8.856
2815,2024-09-12T20:23:15.035+0100,1.001,4.001,8.842
2815,2024-09-12T20:23:15.042+0100,1.032,4.010,8.849
2815,2024-09-12T20:23:15.048+0100,1.049,3.986,8.902
2815,2024-09-12T20:23:15.054+0100,1.025,3.982,8.894
2815,2024-09-12T20:23:15.060+0100,0.991,4.015,8.784
2815,2024-09-12T20:23:15.165+0100,0.922,4.046,8.689
2815,2024-09-12T20:23:15.172+0100,0.891,4.025,8.734
2815,2024-09-12T20:23:15.179+0100,0.840,3.989,8.849
2815,2024-09-12T20:23:15.185+0100,0.754,3.986,8.897
2815,2024-09-12T20:23:15.192+0100,0.687,3.996,8.885
2815,2024-09-12T20:23:15.269+0100,0.653,4.013,8.861
2815,2024-09-12T20:23:15.272+0100,0.685,4.018,8.892
2815,2024-09-12T20:23:15.274+0100,0.670,4.013,8.928
2815,2024-09-12T20:23:15.277+0100,0.632,3.996,8.921
2815,2024-09-12T20:23:15.279+0100,0.670,3.986,8.947
2815,2024-09-12T20:23:15.371+0100,0.788,3.998,8.988
2815,2024-09-12T20:23:15.377+0100,0.847,4.006,8.962
2815,2024-09-12T20:23:15.383+0100,0.845,4.044,8.830
2815,2024-09-12T20:23:15.389+0100,0.821,4.092,8.686
2815,2024-09-12T20:23:15.395+0100,0.809,4.145,8.590
2815,2024-09-12T20:23:15.472+0100,0.807,4.145,8.607
2815,2024-09-12T20:23:15.479+0100,0.737,4.109,8.703
2815,2024-09-12T20:23:15.485+0100,0.663,4.039,8.820
2815,2024-09-12T20:23:15.492+0100,0.594,4.027,8.875
2815,2024-09-12T20:23:15.498+0100,0.548,4.032,8.885
2815,2024-09-12T20:23:15.588+0100,0.541,4.010,8.921
2815,2024-09-12T20:23:15.594+0100,0.577,4.001,8.971
2815,2024-09-12T20:23:15.600+0100,0.634,4.022,8.969
2815,2024-09-12T20:23:15.606+0100,0.682,4.061,8.885
2815,2024-09-12T20:23:15.613+0100,0.728,4.113,8.770
2815,2024-09-12T20:23:15.630+0100,0.780,4.137,8.732
2815,2024-09-12T20:23:15.637+0100,0.807,4.159,8.739
2815,2024-09-12T20:23:15.643+0100,0.795,4.140,8.784
2815,2024-09-12T20:23:15.649+0100,0.718,4.133,8.801
2815,2024-09-12T20:23:15.655+0100,0.651,4.140,8.753
2815,2024-09-12T20:23:15.702+0100,0.579,4.118,8.720
2815,2024-09-12T20:23:15.709+0100,0.567,4.082,8.775
2815,2024-09-12T20:23:15.715+0100,0.598,4.046,8.868
2815,2024-09-12T20:23:15.722+0100,0.646,4.034,8.942
2815,2024-09-12T20:23:15.728+0100,0.644,4.008,8.928
2815,2024-09-12T20:23:15.809+0100,0.692,4.015,8.894
2815,2024-09-12T20:23:15.812+0100,0.821,4.030,8.882
2815,2024-09-12T20:23:15.814+0100,0.946,4.073,8.875
2815,2024-09-12T20:23:15.816+0100,1.082,4.133,8.909
2815,2024-09-12T20:23:15.819+0100,1.070,4.123,8.856
2815,2024-09-12T20:23:15.916+0100,0.953,4.147,8.760
2815,2024-09-12T20:23:15.934+0100,0.967,4.159,8.736
2815,2024-09-12T20:23:15.947+0100,0.979,4.156,8.748
2815,2024-09-12T20:23:15.957+0100,0.941,4.123,8.780
2815,2024-09-12T20:23:15.965+0100,0.948,4.125,8.837
2815,2024-09-12T20:23:15.990+0100,0.914,4.092,8.772
2815,2024-09-12T20:23:15.996+0100,0.888,4.128,8.698
2815,2024-09-12T20:23:16.003+0100,0.862,4.113,8.689
2815,2024-09-12T20:23:16.009+0100,0.855,4.085,8.758
2815,2024-09-12T20:23:16.016+0100,0.938,4.111,8.803
2815,2024-09-12T20:23:16.110+0100,1.099,4.113,8.964
2815,2024-09-12T20:23:16.116+0100,1.231,4.085,9.158
2815,2024-09-12T20:23:16.122+0100,1.288,4.068,9.213
2815,2024-09-12T20:23:16.128+0100,1.159,4.092,9.057
2815,2024-09-12T20:23:16.136+0100,0.931,4.159,8.772
2815,2024-09-12T20:23:16.180+0100,0.840,4.195,8.574
2815,2024-09-12T20:23:16.187+0100,0.780,4.245,8.430
2815,2024-09-12T20:23:16.193+0100,0.749,4.267,8.435
2815,2024-09-12T20:23:16.199+0100,0.653,4.173,8.428
2815,2024-09-12T20:23:16.207+0100,0.462,4.173,8.341
2815,2024-09-12T20:23:16.274+0100,0.510,4.197,8.353
2815,2024-09-12T20:23:16.281+0100,0.622,4.188,8.471
2815,2024-09-12T20:23:16.287+0100,0.613,4.106,8.531
2815,2024-09-12T20:23:16.293+0100,0.651,4.010,8.588
2815,2024-09-12T20:23:16.299+0100,0.790,4.080,8.598
2815,2024-09-12T20:23:16.371+0100,0.874,4.149,8.499
2815,2024-09-12T20:23:16.377+0100,0.876,4.274,8.368
2815,2024-09-12T20:23:16.384+0100,1.214,4.168,8.159
2815,2024-09-12T20:23:16.390+0100,1.381,4.336,8.365
2815,2024-09-12T20:23:16.396+0100,0.958,4.707,8.689
2815,2024-09-12T20:23:16.484+0100,1.058,4.279,8.926
2815,2024-09-12T20:23:16.491+0100,1.848,3.986,8.940
2815,2024-09-12T20:23:16.497+0100,1.606,4.585,9.086
2815,2024-09-12T20:23:16.504+0100,1.590,4.228,8.832
2815,2024-09-12T20:23:16.510+0100,1.266,4.180,8.789
2815,2024-09-12T20:23:16.605+0100,1.082,4.104,8.856
2815,2024-09-12T20:23:16.622+0100,0.950,3.888,8.916
2815,2024-09-12T20:23:16.636+0100,0.943,3.769,8.885
2815,2024-09-12T20:23:16.646+0100,0.778,3.747,8.796
2815,2024-09-12T20:23:16.654+0100,0.721,3.793,8.741
2815,2024-09-12T20:23:16.690+0100,0.812,3.788,8.794
2815,2024-09-12T20:23:16.697+0100,0.804,3.845,8.935
2815,2024-09-12T20:23:16.704+0100,0.926,3.848,9.084
2815,2024-09-12T20:23:16.710+0100,1.089,3.886,9.103
2815,2024-09-12T20:23:16.716+0100,1.247,3.929,8.985
2815,2024-09-12T20:23:16.790+0100,1.307,3.943,9.007
2815,2024-09-12T20:23:16.792+0100,1.259,3.936,9.129
2815,2024-09-12T20:23:16.795+0100,1.214,3.862,9.110
2815,2024-09-12T20:23:16.797+0100,1.286,3.747,8.942
2815,2024-09-12T20:23:16.799+0100,0.989,3.943,8.756
2815,2024-09-12T20:23:16.885+0100,1.214,3.644,8.741
2815,2024-09-12T20:23:16.892+0100,1.163,3.821,8.911
2815,2024-09-12T20:23:16.898+0100,1.195,3.637,8.950
2815,2024-09-12T20:23:16.904+0100,1.032,3.682,8.971
2815,2024-09-12T20:23:16.910+0100,0.917,3.699,8.964
2815,2024-09-12T20:23:17.010+0100,1.096,3.740,8.964
2815,2024-09-12T20:23:17.016+0100,1.147,3.869,8.945
2815,2024-09-12T20:23:17.023+0100,1.135,3.934,8.871
2815,2024-09-12T20:23:17.029+0100,1.144,3.843,8.770
2815,2024-09-12T20:23:17.035+0100,1.207,3.836,8.672
2815,2024-09-12T20:23:17.097+0100,1.345,3.824,8.574
2815,2024-09-12T20:23:17.103+0100,1.633,3.936,8.504
2815,2024-09-12T20:23:17.110+0100,1.664,3.749,8.782
2815,2024-09-12T20:23:17.116+0100,1.468,3.548,8.861
2815,2024-09-12T20:23:17.122+0100,1.290,3.623,8.971
2815,2024-09-12T20:23:17.170+0100,1.465,3.563,9.129
2815,2024-09-12T20:23:17.176+0100,1.575,3.637,9.148
2815,2024-09-12T20:23:17.182+0100,1.547,3.666,9.139
2815,2024-09-12T20:23:17.188+0100,1.571,3.668,9.167
2815,2024-09-12T20:23:17.195+0100,1.566,3.658,9.213
2815,2024-09-12T20:23:17.281+0100,1.527,3.635,9.239
2815,2024-09-12T20:23:17.288+0100,1.573,3.673,9.285
2815,2024-09-12T20:23:17.294+0100,1.597,3.663,9.268
2815,2024-09-12T20:23:17.300+0100,1.480,3.680,9.100
2815,2024-09-12T20:23:17.307+0100,1.453,3.749,8.906
2815,2024-09-12T20:23:17.407+0100,1.511,3.814,8.799
2815,2024-09-12T20:23:17.425+0100,1.458,3.793,8.622
2815,2024-09-12T20:23:17.441+0100,1.410,3.735,8.492
2815,2024-09-12T20:23:17.452+0100,1.377,3.699,8.595
2815,2024-09-12T20:23:17.460+0100,1.429,3.658,8.715
2815,2024-09-12T20:23:17.496+0100,1.446,3.656,8.849
2815,2024-09-12T20:23:17.503+0100,1.367,3.637,8.887
2815,2024-09-12T20:23:17.509+0100,1.377,3.611,8.945
2815,2024-09-12T20:23:17.516+0100,1.468,3.627,9.007
2815,2024-09-12T20:23:17.522+0100,1.494,3.678,9.007
2815,2024-09-12T20:23:17.590+0100,1.446,3.704,8.993
2815,2024-09-12T20:23:17.596+0100,1.489,3.730,9.062
2815,2024-09-12T20:23:17.603+0100,1.609,3.723,9.112
2815,2024-09-12T20:23:17.609+0100,1.630,3.706,9.072
2815,2024-09-12T20:23:17.615+0100,1.571,3.730,9.112
2815,2024-09-12T20:23:17.708+0100,1.597,3.721,8.940
2815,2024-09-12T20:23:17.714+0100,1.575,3.714,8.796
2815,2024-09-12T20:23:17.720+0100,1.523,3.714,8.645
2815,2024-09-12T20:23:17.727+0100,1.484,3.670,8.574
2815,2024-09-12T20:23:17.733+0100,1.420,3.678,8.487
2815,2024-09-12T20:23:17.800+0100,1.288,3.663,8.349
2815,2024-09-12T20:23:17.803+0100,1.140,3.692,8.337
2815,2024-09-12T20:23:17.806+0100,1.118,3.682,8.435
2815,2024-09-12T20:23:17.808+0100,1.178,3.697,8.619
2815,2024-09-12T20:23:17.810+0100,1.338,3.692,8.969
2815,2024-09-12T20:23:17.881+0100,1.571,3.666,9.321
2815,2024-09-12T20:23:17.888+0100,1.784,3.601,9.498
2815,2024-09-12T20:23:17.894+0100,1.982,3.589,9.579
2815,2024-09-12T20:23:17.901+0100,2.188,3.613,9.536
2815,2024-09-12T20:23:17.907+0100,2.253,3.661,9.390
2815,2024-09-12T20:23:17.992+0100,2.179,3.606,9.184
2815,2024-09-12T20:23:17.999+0100,2.057,3.572,9.014
2815,2024-09-12T20:23:18.005+0100,2.035,3.534,8.983
2815,2024-09-12T20:23:18.011+0100,2.052,3.558,8.973
2815,2024-09-12T20:23:18.017+0100,1.970,3.544,8.856
2815,2024-09-12T20:23:18.090+0100,1.808,3.560,8.703
2815,2024-09-12T20:23:18.096+0100,1.760,3.611,8.667
2815,2024-09-12T20:23:18.102+0100,1.803,3.685,8.744
2815,2024-09-12T20:23:18.108+0100,1.860,3.716,8.890
2815,2024-09-12T20:23:18.115+0100,1.803,3.697,9.014
2815,2024-09-12T20:23:18.151+0100,1.788,3.711,8.988
2815,2024-09-12T20:23:18.158+0100,1.875,3.678,9.055
2815,2024-09-12T20:23:18.164+0100,1.908,3.651,9.103
2815,2024-09-12T20:23:18.170+0100,1.879,3.658,9.057
2815,2024-09-12T20:23:18.176+0100,1.865,3.599,8.981
2815,2024-09-12T20:23:18.210+0100,1.750,3.678,8.854
2815,2024-09-12T20:23:18.217+0100,1.803,3.656,8.679
2815,2024-09-12T20:23:18.223+0100,1.829,3.721,8.569
2815,2024-09-12T20:23:18.230+0100,1.755,3.771,8.356
2815,2024-09-12T20:23:18.237+0100,1.743,3.752,8.332
2815,2024-09-12T20:23:18.330+0100,1.839,3.795,8.440
2815,2024-09-12T20:23:18.337+0100,1.949,3.807,8.614
2815,2024-09-12T20:23:18.343+0100,2.030,3.816,8.727
2815,2024-09-12T20:23:18.349+0100,2.037,3.838,8.741
2815,2024-09-12T20:23:18.356+0100,2.083,3.857,8.751
2815,2024-09-12T20:23:18.431+0100,2.143,3.867,8.803
2815,2024-09-12T20:23:18.438+0100,2.102,3.860,8.823
2815,2024-09-12T20:23:18.444+0100,2.030,3.848,8.811
2815,2024-09-12T20:23:18.451+0100,1.970,3.852,8.724
2815,2024-09-12T20:23:18.457+0100,1.944,3.848,8.648
2815,2024-09-12T20:23:18.482+0100,1.958,3.840,8.655
2815,2024-09-12T20:23:18.491+0100,1.997,3.814,8.713
2815,2024-09-12T20:23:18.498+0100,1.990,3.812,8.739
2815,2024-09-12T20:23:18.507+0100,1.990,3.828,8.713
2815,2024-09-12T20:23:18.519+0100,1.999,3.840,8.727
2815,2024-09-12T20:23:18.585+0100,2.025,3.845,8.744
2815,2024-09-12T20:23:18.592+0100,2.049,3.867,8.751
2815,2024-09-12T20:23:18.598+0100,2.083,3.879,8.744
2815,2024-09-12T20:23:18.604+0100,2.128,3.910,8.713
2815,2024-09-12T20:23:18.611+0100,2.150,3.917,8.739
2815,2024-09-12T20:23:18.700+0100,2.157,3.919,8.748
2815,2024-09-12T20:23:18.707+0100,2.160,3.896,8.792
2815,2024-09-12T20:23:18.713+0100,2.126,3.867,8.799
2815,2024-09-12T20:23:18.719+0100,2.104,3.843,8.782
2815,2024-09-12T20:23:18.725+0100,2.076,3.850,8.741
2815,2024-09-12T20:23:18.775+0100,2.033,3.848,8.677
2815,2024-09-12T20:23:18.782+0100,2.033,3.845,8.648
2815,2024-09-12T20:23:18.788+0100,2.049,3.857,8.622
2815,2024-09-12T20:23:18.795+0100,2.047,3.850,8.617
2815,2024-09-12T20:23:18.801+0100,2.033,3.857,8.643
2815,2024-09-12T20:23:18.870+0100,2.030,3.855,8.679
2815,2024-09-12T20:23:18.876+0100,2.042,3.857,8.691
2815,2024-09-12T20:23:18.883+0100,2.035,3.864,8.681
2815,2024-09-12T20:23:18.889+0100,2.023,3.869,8.679
2815,2024-09-12T20:23:18.895+0100,2.066,3.869,8.739
2815,2024-09-12T20:23:18.966+0100,2.073,3.879,8.789
2815,2024-09-12T20:23:18.972+0100,2.061,3.884,8.772
2815,2024-09-12T20:23:18.979+0100,2.061,3.872,8.717
2815,2024-09-12T20:23:18.985+0100,2.061,3.896,8.686
2815,2024-09-12T20:23:18.991+0100,2.080,3.881,8.715
2815,2024-09-12T20:23:19.083+0100,2.064,3.881,8.710
2815,2024-09-12T20:23:19.089+0100,2.016,3.888,8.595
2815,2024-09-12T20:23:19.095+0100,1.978,3.888,8.543
2815,2024-09-12T20:23:19.102+0100,2.021,3.850,8.624
2815,2024-09-12T20:23:19.108+0100,2.059,3.819,8.753
2815,2024-09-12T20:23:19.138+0100,2.033,3.797,8.780
2815,2024-09-12T20:23:19.144+0100,1.997,3.800,8.705
2815,2024-09-12T20:23:19.150+0100,2.030,3.843,8.622
2815,2024-09-12T20:23:19.157+0100,2.071,3.852,8.571
2815,2024-09-12T20:23:19.163+0100,2.054,3.867,8.610
2815,2024-09-12T20:23:19.251+0100,2.040,3.867,8.672
2815,2024-09-12T20:23:19.257+0100,2.069,3.896,8.665
2815,2024-09-12T20:23:19.264+0100,2.114,3.915,8.681
2815,2024-09-12T20:23:19.270+0100,2.145,3.893,8.799
2815,2024-09-12T20:23:19.276+0100,2.171,3.869,8.954
2815,2024-09-12T20:23:19.349+0100,2.083,3.888,8.878
2815,2024-09-12T20:23:19.356+0100,2.028,3.927,8.691
2815,2024-09-12T20:23:19.362+0100,2.092,3.931,8.631
2815,2024-09-12T20:23:19.368+0100,2.128,3.896,8.705
2815,2024-09-12T20:23:19.374+0100,2.061,3.855,8.760
2815,2024-09-12T20:23:19.471+0100,1.982,3.850,8.724
2815,2024-09-12T20:23:19.477+0100,2.018,3.881,8.710
2815,2024-09-12T20:23:19.484+0100,2.069,3.869,8.693
2815,2024-09-12T20:23:19.490+0100,2.054,3.872,8.686
2815,2024-09-12T20:23:19.496+0100,2.042,3.857,8.713
2815,2024-09-12T20:23:19.578+0100,2.057,3.872,8.736
2815,2024-09-12T20:23:19.585+0100,2.116,3.867,8.777
2815,2024-09-12T20:23:19.591+0100,2.193,3.867,8.856
2815,2024-09-12T20:23:19.597+0100,2.243,3.860,8.902
2815,2024-09-12T20:23:19.604+0100,2.236,3.893,8.868
2815,2024-09-12T20:23:19.682+0100,2.253,3.946,8.859
2815,2024-09-12T20:23:19.689+0100,2.279,3.977,8.885
2815,2024-09-12T20:23:19.695+0100,2.255,3.922,8.962
2815,2024-09-12T20:23:19.701+0100,2.140,3.867,8.950
2815,2024-09-12T20:23:19.708+0100,2.016,3.848,8.842
2815,2024-09-12T20:23:19.770+0100,1.949,3.838,8.677
2815,2024-09-12T20:23:19.777+0100,1.860,3.812,8.473
2815,2024-09-12T20:23:19.783+0100,1.705,3.781,8.279
2815,2024-09-12T20:23:19.790+0100,1.683,3.778,8.193
2815,2024-09-12T20:23:19.796+0100,1.767,3.761,8.248
2815,2024-09-12T20:23:19.881+0100,1.839,3.761,8.291
2815,2024-09-12T20:23:19.888+0100,1.836,3.788,8.200
2815,2024-09-12T20:23:19.894+0100,1.772,3.955,8.100
2815,2024-09-12T20:23:19.900+0100,1.808,3.972,7.987
2815,2024-09-12T20:23:19.906+0100,1.918,4.063,8.167
2815,2024-09-12T20:23:19.998+0100,2.102,4.104,8.504
2815,2024-09-12T20:23:20.005+0100,2.267,4.152,8.842
2815,2024-09-12T20:23:20.011+0100,2.468,4.104,9.170
2815,2024-09-12T20:23:20.017+0100,2.509,4.042,9.378
2815,2024-09-12T20:23:20.024+0100,2.435,3.917,9.426
2815,2024-09-12T20:23:20.093+0100,2.327,3.828,9.318
2815,2024-09-12T20:23:20.100+0100,2.239,3.759,9.110
2815,2024-09-12T20:23:20.106+0100,2.126,3.714,8.856
2815,2024-09-12T20:23:20.112+0100,2.025,3.670,8.648
2815,2024-09-12T20:23:20.118+0100,1.877,3.642,8.504
2815,2024-09-12T20:23:20.124+0100,1.784,3.630,8.492
2815,2024-09-12T20:23:20.131+0100,1.860,3.646,8.612
2815,2024-09-12T20:23:20.137+0100,1.997,3.702,8.729
2815,2024-09-12T20:23:20.142+0100,2.128,3.747,8.820
2815,2024-09-12T20:23:20.147+0100,2.265,3.788,8.914
2815,2024-09-12T20:23:20.208+0100,2.332,3.848,8.971
2815,2024-09-12T20:23:20.214+0100,2.332,3.876,8.918
2815,2024-09-12T20:23:20.220+0100,2.337,3.857,8.892
2815,2024-09-12T20:23:20.227+0100,2.356,3.814,8.942
2815,2024-09-12T20:23:20.233+0100,2.284,3.754,8.985
2815,2024-09-12T20:23:20.323+0100,2.157,3.709,8.894
2815,2024-09-12T20:23:20.329+0100,2.025,3.706,8.684
2815,2024-09-12T20:23:20.335+0100,2.009,3.709,8.576
2815,2024-09-12T20:23:20.341+0100,2.059,3.690,8.633
2815,2024-09-12T20:23:20.347+0100,2.021,3.644,8.708
2815,2024-09-12T20:23:20.442+0100,1.949,3.627,8.720
2815,2024-09-12T20:23:20.460+0100,1.982,3.635,8.698
2815,2024-09-12T20:23:20.474+0100,2.047,3.661,8.696
2815,2024-09-12T20:23:20.484+0100,2.042,3.668,8.689
2815,2024-09-12T20:23:20.492+0100,2.047,3.692,8.739
2815,2024-09-12T20:23:20.531+0100,2.080,3.716,8.744
2815,2024-09-12T20:23:20.537+0100,2.080,3.745,8.691
2815,2024-09-12T20:23:20.543+0100,2.095,3.766,8.689
2815,2024-09-12T20:23:20.550+0100,2.083,3.759,8.746
2815,2024-09-12T20:23:20.556+0100,2.023,3.733,8.820
2815,2024-09-12T20:23:20.647+0100,1.990,3.694,8.835
2815,2024-09-12T20:23:20.654+0100,1.961,3.678,8.770
2815,2024-09-12T20:23:20.660+0100,1.870,3.685,8.626
2815,2024-09-12T20:23:20.666+0100,1.791,3.675,8.499
2815,2024-09-12T20:23:20.673+0100,1.731,3.697,8.452
2815,2024-09-12T20:23:20.681+0100,1.776,3.704,8.581
2815,2024-09-12T20:23:20.688+0100,1.894,3.716,8.744
2815,2024-09-12T20:23:20.701+0100,2.054,3.742,8.926
2815,2024-09-12T20:23:20.707+0100,2.248,3.742,9.086
2815,2024-09-12T20:23:20.713+0100,2.409,3.759,9.215
2815,2024-09-12T20:23:20.780+0100,2.473,3.754,9.222
2815,2024-09-12T20:23:20.787+0100,2.447,3.805,9.050
2815,2024-09-12T20:23:20.793+0100,2.409,3.795,8.873
2815,2024-09-12T20:23:20.799+0100,2.423,3.735,8.928
2815,2024-09-12T20:23:20.802+0100,2.452,3.635,9.108
2815,2024-09-12T20:23:20.875+0100,2.329,3.567,9.177
2815,2024-09-12T20:23:20.882+0100,2.188,3.527,9.086
2815,2024-09-12T20:23:20.888+0100,2.112,3.534,8.911
2815,2024-09-12T20:23:20.894+0100,2.021,3.579,8.751
2815,2024-09-12T20:23:20.900+0100,1.975,3.584,8.689
2815,2024-09-12T20:23:20.990+0100,1.954,3.599,8.732
2815,2024-09-12T20:23:20.997+0100,1.934,3.606,8.799
2815,2024-09-12T20:23:21.004+0100,1.932,3.623,8.799
2815,2024-09-12T20:23:21.011+0100,1.954,3.639,8.801
2815,2024-09-12T20:23:21.017+0100,2.037,3.637,8.851
2815,2024-09-12T20:23:21.085+0100,2.080,3.654,8.849
2815,2024-09-12T20:23:21.091+0100,2.042,3.670,8.794
2815,2024-09-12T20:23:21.097+0100,2.054,3.704,8.696
2815,2024-09-12T20:23:21.104+0100,2.171,3.752,8.624
2815,2024-09-12T20:23:21.110+0100,2.217,3.776,8.619
2815,2024-09-12T20:23:21.216+0100,2.174,3.773,8.626
2815,2024-09-12T20:23:21.236+0100,2.152,3.788,8.617
2815,2024-09-12T20:23:21.249+0100,2.121,3.788,8.600
2815,2024-09-12T20:23:21.259+0100,2.066,3.759,8.626
2815,2024-09-12T20:23:21.267+0100,2.030,3.737,8.677
2815,2024-09-12T20:23:21.311+0100,2.016,3.728,8.679
2815,2024-09-12T20:23:21.318+0100,2.025,3.714,8.665
2815,2024-09-12T20:23:21.324+0100,1.954,3.690,8.693
2815,2024-09-12T20:23:21.330+0100,1.882,3.661,8.722
2815,2024-09-12T20:23:21.336+0100,1.882,3.663,8.715
2815,2024-09-12T20:23:21.391+0100,1.863,3.682,8.713
2815,2024-09-12T20:23:21.397+0100,1.922,3.680,8.803
2815,2024-09-12T20:23:21.403+0100,1.999,3.702,8.897
2815,2024-09-12T20:23:21.409+0100,2.025,3.728,8.854
2815,2024-09-12T20:23:21.416+0100,2.042,3.778,8.763
2815,2024-09-12T20:23:21.472+0100,2.109,3.788,8.722
2815,2024-09-12T20:23:21.478+0100,2.152,3.809,8.715
2815,2024-09-12T20:23:21.484+0100,2.171,3.807,8.729
2815,2024-09-12T20:23:21.491+0100,2.205,3.805,8.760
2815,2024-09-12T20:23:21.497+0100,2.234,3.788,8.794
2815,2024-09-12T20:23:21.598+0100,2.212,3.761,8.815
2815,2024-09-12T20:23:21.603+0100,2.183,3.740,8.842
2815,2024-09-12T20:23:21.608+0100,2.150,3.716,8.794
2815,2024-09-12T20:23:21.613+0100,2.140,3.716,8.715
2815,2024-09-12T20:23:21.617+0100,2.128,3.702,8.715
2815,2024-09-12T20:23:21.753+0100,2.121,3.682,8.756
2815,2024-09-12T20:23:21.755+0100,2.090,3.680,8.732
2815,2024-09-12T20:23:21.757+0100,2.102,3.697,8.724
2815,2024-09-12T20:23:21.759+0100,2.124,3.687,8.780
2815,2024-09-12T20:23:21.762+0100,2.155,3.666,8.849
2815,2024-09-12T20:23:21.764+0100,2.150,3.678,8.863
2815,2024-09-12T20:23:21.766+0100,2.138,3.702,8.789
2815,2024-09-12T20:23:21.769+0100,2.148,3.730,8.679
2815,2024-09-12T20:23:21.771+0100,2.160,3.711,8.657
2815,2024-09-12T20:23:21.773+0100,2.195,3.685,8.729
2815,2024-09-12T20:23:21.882+0100,2.171,3.661,8.796
2815,2024-09-12T20:23:21.884+0100,2.136,3.637,8.811
2815,2024-09-12T20:23:21.887+0100,2.109,3.630,8.775
2815,2024-09-12T20:23:21.889+0100,2.100,3.639,8.729
2815,2024-09-12T20:23:21.892+0100,2.102,3.661,8.698
2815,2024-09-12T20:23:21.904+0100,2.088,3.668,8.689
2815,2024-09-12T20:23:21.908+0100,2.085,3.668,8.727
2815,2024-09-12T20:23:21.919+0100,2.092,3.646,8.775
2815,2024-09-12T20:23:21.924+0100,2.126,3.632,8.837
2815,2024-09-12T20:23:21.928+0100,2.133,3.615,8.878
2815,2024-09-12T20:23:22.000+0100,2.092,3.635,8.856
2815,2024-09-12T20:23:22.008+0100,2.064,3.625,8.808
2815,2024-09-12T20:23:22.012+0100,2.092,3.656,8.775
2815,2024-09-12T20:23:22.015+0100,2.231,3.625,8.844
2815,2024-09-12T20:23:22.019+0100,2.195,3.644,8.921
2815,2024-09-12T20:23:22.135+0100,2.064,3.627,8.930
2815,2024-09-12T20:23:22.153+0100,2.004,3.635,8.844
2815,2024-09-12T20:23:22.168+0100,2.001,3.644,8.763
2815,2024-09-12T20:23:22.179+0100,1.994,3.644,8.744
2815,2024-09-12T20:23:22.188+0100,1.978,3.635,8.780
2815,2024-09-12T20:23:22.231+0100,1.975,3.620,8.813
2815,2024-09-12T20:23:22.238+0100,1.968,3.608,8.815
2815,2024-09-12T20:23:22.244+0100,1.954,3.632,8.787
2815,2024-09-12T20:23:22.250+0100,1.894,3.625,8.760
2815,2024-09-12T20:23:22.256+0100,1.829,3.625,8.765
2815,2024-09-12T20:23:22.329+0100,1.834,3.630,8.844
2815,2024-09-12T20:23:22.336+0100,1.887,3.608,8.988
2815,2024-09-12T20:23:22.342+0100,1.930,3.534,9.108
2815,2024-09-12T20:23:22.348+0100,1.925,3.441,9.172
2815,2024-09-12T20:23:22.355+0100,1.822,3.359,9.122
2815,2024-09-12T20:23:22.440+0100,1.650,3.254,8.985
2815,2024-09-12T20:23:22.447+0100,1.477,3.213,8.775
2815,2024-09-12T20:23:22.453+0100,1.472,3.158,8.545
2815,2024-09-12T20:23:22.460+0100,1.566,3.117,8.382
2815,2024-09-12T20:23:22.466+0100,1.772,3.134,8.413
2815,2024-09-12T20:23:22.511+0100,2.373,3.244,8.684
2815,2024-09-12T20:23:22.517+0100,2.760,3.340,8.815
2815,2024-09-12T20:23:22.524+0100,2.792,3.347,8.806
2815,2024-09-12T20:23:22.530+0100,2.899,3.381,8.887
2815,2024-09-12T20:23:22.537+0100,3.227,3.493,9.036
2815,2024-09-12T20:23:22.593+0100,3.393,3.637,8.875
2815,2024-09-12T20:23:22.600+0100,3.457,3.759,8.619
2815,2024-09-12T20:23:22.607+0100,3.469,3.752,8.387
2815,2024-09-12T20:23:22.617+0100,3.366,3.903,8.284
2815,2024-09-12T20:23:22.623+0100,3.242,4.006,8.396
2815,2024-09-12T20:23:22.669+0100,3.203,3.915,8.432
2815,2024-09-12T20:23:22.676+0100,3.163,3.812,8.559
2815,2024-09-12T20:23:22.682+0100,2.904,3.843,8.586
2815,2024-09-12T20:23:22.688+0100,2.770,3.704,8.576
2815,2024-09-12T20:23:22.695+0100,2.590,3.668,8.669
2815,2024-09-12T20:23:22.765+0100,2.363,3.567,8.612
2815,2024-09-12T20:23:22.772+0100,2.322,3.426,8.610
2815,2024-09-12T20:23:22.776+0100,2.253,3.371,8.787
2815,2024-09-12T20:23:22.779+0100,2.188,3.101,8.856
2815,2024-09-12T20:23:22.781+0100,2.143,3.333,9.230
2815,2024-09-12T20:23:22.884+0100,2.021,3.383,9.333
2815,2024-09-12T20:23:22.903+0100,1.922,3.065,9.220
2815,2024-09-12T20:23:22.917+0100,1.573,3.369,9.268
2815,2024-09-12T20:23:22.929+0100,1.678,3.177,9.318
2815,2024-09-12T20:23:22.936+0100,1.582,3.192,9.330
2815,2024-09-12T20:23:22.994+0100,1.563,3.232,9.273
2815,2024-09-12T20:23:23.001+0100,1.652,3.251,9.100
2815,2024-09-12T20:23:23.007+0100,1.729,3.328,9.002
2815,2024-09-12T20:23:23.013+0100,1.824,3.335,9.036
2815,2024-09-12T20:23:23.019+0100,1.877,3.354,9.019
2815,2024-09-12T20:23:23.110+0100,1.829,3.326,8.940
2815,2024-09-12T20:23:23.116+0100,1.891,3.287,8.868
2815,2024-09-12T20:23:23.123+0100,1.913,3.266,8.988
2815,2024-09-12T20:23:23.129+0100,1.855,3.261,8.990
2815,2024-09-12T20:23:23.135+0100,1.805,3.216,8.820
2815,2024-09-12T20:23:23.224+0100,1.757,3.115,8.751
2815,2024-09-12T20:23:23.231+0100,1.671,3.208,8.832
2815,2024-09-12T20:23:23.237+0100,1.939,3.125,9.048
2815,2024-09-12T20:23:23.243+0100,1.980,3.216,9.175
2815,2024-09-12T20:23:23.250+0100,1.961,3.103,9.045
2815,2024-09-12T20:23:23.290+0100,1.934,2.971,8.952
2815,2024-09-12T20:23:23.297+0100,1.750,3.194,8.863
2815,2024-09-12T20:23:23.303+0100,1.712,3.163,8.741
2815,2024-09-12T20:23:23.310+0100,1.741,2.919,8.732
2815,2024-09-12T20:23:23.317+0100,1.412,3.278,8.799
2815,2024-09-12T20:23:23.417+0100,1.635,3.067,8.990
2815,2024-09-12T20:23:23.440+0100,1.592,3.101,9.184
2815,2024-09-12T20:23:23.453+0100,1.511,3.110,9.304
2815,2024-09-12T20:23:23.459+0100,1.460,2.983,9.376
2815,2024-09-12T20:23:23.466+0100,1.362,2.828,9.345
2815,2024-09-12T20:23:23.491+0100,1.211,2.701,9.234
2815,2024-09-12T20:23:23.497+0100,1.032,2.627,8.942
2815,2024-09-12T20:23:23.504+0100,0.984,2.557,8.701
2815,2024-09-12T20:23:23.509+0100,1.049,2.500,8.813
2815,2024-09-12T20:23:23.513+0100,1.041,2.610,8.859
2815,2024-09-12T20:23:23.604+0100,0.996,2.648,8.782
2815,2024-09-12T20:23:23.612+0100,0.833,2.670,8.887
2815,2024-09-12T20:23:23.619+0100,0.879,2.684,9.390
2815,2024-09-12T20:23:23.624+0100,0.979,2.710,9.845
2815,2024-09-12T20:23:23.628+0100,1.106,2.696,9.900
2815,2024-09-12T20:23:23.710+0100,0.974,2.684,9.754
2815,2024-09-12T20:23:23.717+0100,0.989,2.727,9.756
2815,2024-09-12T20:23:23.723+0100,0.984,2.732,9.663
2815,2024-09-12T20:23:23.730+0100,0.883,2.765,9.467
2815,2024-09-12T20:23:23.737+0100,0.823,2.729,9.428
2815,2024-09-12T20:23:23.757+0100,0.821,2.722,9.512
2815,2024-09-12T20:23:23.764+0100,0.855,2.686,9.562
2815,2024-09-12T20:23:23.768+0100,0.881,2.646,9.464
2815,2024-09-12T20:23:23.771+0100,0.893,2.603,9.397
2815,2024-09-12T20:23:23.774+0100,0.800,2.588,9.493
2815,2024-09-12T20:23:23.833+0100,0.788,2.555,9.524
2815,2024-09-12T20:23:23.836+0100,0.687,2.490,9.357
2815,2024-09-12T20:23:23.839+0100,0.563,2.466,9.230
2815,2024-09-12T20:23:23.842+0100,0.495,2.571,9.304
2815,2024-09-12T20:23:23.844+0100,0.570,2.581,9.225
2815,2024-09-12T20:23:23.955+0100,0.563,2.569,9.196
2815,2024-09-12T20:23:23.974+0100,0.577,2.595,9.378
2815,2024-09-12T20:23:23.989+0100,0.558,2.576,9.699
2815,2024-09-12T20:23:23.999+0100,0.352,2.533,9.898
2815,2024-09-12T20:23:24.007+0100,0.019,2.492,9.900
2815,2024-09-12T20:23:24.046+0100,-0.179,2.461,10.001
2815,2024-09-12T20:23:24.052+0100,-0.222,2.452,10.082
2815,2024-09-12T20:23:24.058+0100,-0.157,2.538,10.135
2815,2024-09-12T20:23:24.064+0100,-0.014,2.636,10.008
2815,2024-09-12T20:23:24.071+0100,0.115,2.667,9.905
2815,2024-09-12T20:23:24.160+0100,0.184,2.706,9.886
2815,2024-09-12T20:23:24.166+0100,0.175,2.732,9.886
2815,2024-09-12T20:23:24.172+0100,0.191,2.665,9.768
2815,2024-09-12T20:23:24.178+0100,0.232,2.624,9.457
2815,2024-09-12T20:23:24.184+0100,0.206,2.686,8.950
2815,2024-09-12T20:23:24.274+0100,0.225,2.749,8.339
2815,2024-09-12T20:23:24.281+0100,0.390,2.823,7.896
2815,2024-09-12T20:23:24.287+0100,0.771,2.849,8.073
2815,2024-09-12T20:23:24.294+0100,0.998,2.904,8.899
2815,2024-09-12T20:23:24.300+0100,1.015,2.744,9.721
2815,2024-09-12T20:23:24.370+0100,0.855,2.342,10.029
2815,2024-09-12T20:23:24.376+0100,0.445,2.157,10.156
2815,2024-09-12T20:23:24.382+0100,0.302,1.911,10.372
2815,2024-09-12T20:23:24.389+0100,0.364,1.736,10.570
2815,2024-09-12T20:23:24.395+0100,0.393,1.848,10.628
2815,2024-09-12T20:23:24.430+0100,0.337,1.992,10.331
2815,2024-09-12T20:23:24.436+0100,0.244,2.138,9.699
2815,2024-09-12T20:23:24.443+0100,0.215,2.437,9.091
2815,2024-09-12T20:23:24.449+0100,0.309,2.703,8.847
2815,2024-09-12T20:23:24.456+0100,0.579,2.878,9.225
2815,2024-09-12T20:23:24.483+0100,0.682,2.888,9.562
2815,2024-09-12T20:23:24.489+0100,0.752,2.660,9.517
2815,2024-09-12T20:23:24.496+0100,0.843,2.507,9.450
2815,2024-09-12T20:23:24.502+0100,0.831,2.449,9.316
2815,2024-09-12T20:23:24.508+0100,0.795,2.342,9.182
2815,2024-09-12T20:23:24.599+0100,0.768,2.229,9.105
2815,2024-09-12T20:23:24.605+0100,0.845,2.186,9.201
2815,2024-09-12T20:23:24.611+0100,0.881,2.083,9.242
2815,2024-09-12T20:23:24.618+0100,0.857,1.951,9.194
2815,2024-09-12T20:23:24.624+0100,0.730,1.903,9.155
2815,2024-09-12T20:23:24.711+0100,0.670,1.860,9.036
2815,2024-09-12T20:23:24.717+0100,0.603,1.903,8.873
2815,2024-09-12T20:23:24.723+0100,0.603,2.109,8.789
2815,2024-09-12T20:23:24.730+0100,0.675,2.265,8.966
2815,2024-09-12T20:23:24.736+0100,0.656,2.370,9.268
2815,2024-09-12T20:23:24.809+0100,0.637,2.488,9.577
2815,2024-09-12T20:23:24.812+0100,0.749,2.610,9.905
2815,2024-09-12T20:23:24.815+0100,0.876,2.737,10.159
2815,2024-09-12T20:23:24.818+0100,0.941,2.871,10.214
2815,2024-09-12T20:23:24.821+0100,1.008,2.955,10.077
2815,2024-09-12T20:23:24.890+0100,0.979,3.101,9.783
2815,2024-09-12T20:23:24.896+0100,0.900,3.237,9.436
2815,2024-09-12T20:23:24.903+0100,0.852,3.290,9.270
2815,2024-09-12T20:23:24.909+0100,0.852,3.146,9.402
2815,2024-09-12T20:23:24.915+0100,0.555,2.981,9.388
2815,2024-09-12T20:23:24.999+0100,0.273,2.792,9.256
2815,2024-09-12T20:23:25.005+0100,-0.006,2.715,9.117
2815,2024-09-12T20:23:25.011+0100,-0.140,2.619,9.136
2815,2024-09-12T20:23:25.018+0100,-0.215,2.533,9.306
2815,2024-09-12T20:23:25.024+0100,-0.212,2.452,9.476
2815,2024-09-12T20:23:25.111+0100,-0.172,2.375,9.584
2815,2024-09-12T20:23:25.118+0100,-0.078,2.301,9.730
2815,2024-09-12T20:23:25.126+0100,0.139,2.260,9.981
2815,2024-09-12T20:23:25.133+0100,0.366,2.239,10.211
2815,2024-09-12T20:23:25.146+0100,0.572,2.246,10.305
2815,2024-09-12T20:23:25.170+0100,0.646,2.253,10.159
2815,2024-09-12T20:23:25.177+0100,0.725,2.210,9.816
2815,2024-09-12T20:23:25.183+0100,0.721,2.167,9.483
2815,2024-09-12T20:23:25.189+0100,0.646,2.133,9.392
2815,2024-09-12T20:23:25.196+0100,0.625,1.994,9.438
2815,2024-09-12T20:23:25.271+0100,0.615,1.887,9.440
2815,2024-09-12T20:23:25.278+0100,0.668,1.911,9.359
2815,2024-09-12T20:23:25.284+0100,0.733,1.973,9.179
2815,2024-09-12T20:23:25.291+0100,0.812,2.095,9.014
2815,2024-09-12T20:23:25.297+0100,0.864,2.210,8.947
2815,2024-09-12T20:23:25.342+0100,0.850,2.248,8.945
2815,2024-09-12T20:23:25.349+0100,0.704,2.301,8.954
2815,2024-09-12T20:23:25.355+0100,0.548,2.282,9.005
2815,2024-09-12T20:23:25.361+0100,0.359,2.241,9.115
2815,2024-09-12T20:23:25.368+0100,0.280,2.097,9.323
2815,2024-09-12T20:23:25.437+0100,0.223,1.913,9.570
2815,2024-09-12T20:23:25.444+0100,0.100,1.803,9.711
2815,2024-09-12T20:23:25.450+0100,-0.040,1.724,9.749
2815,2024-09-12T20:23:25.456+0100,-0.212,1.669,9.816
2815,2024-09-12T20:23:25.462+0100,-0.243,1.642,9.811
2815,2024-09-12T20:23:25.558+0100,-0.186,1.721,9.759
2815,2024-09-12T20:23:25.577+0100,0.007,1.760,9.665
2815,2024-09-12T20:23:25.591+0100,0.218,1.903,9.661
2815,2024-09-12T20:23:25.601+0100,0.505,2.014,9.625
2815,2024-09-12T20:23:25.609+0100,0.819,2.078,9.565
2815,2024-09-12T20:23:25.628+0100,0.903,2.284,9.546
2815,2024-09-12T20:23:25.635+0100,1.046,2.366,9.615
2815,2024-09-12T20:23:25.641+0100,1.156,2.399,9.651
2815,2024-09-12T20:23:25.648+0100,1.166,2.411,9.562
2815,2024-09-12T20:23:25.654+0100,1.199,2.351,9.558
2815,2024-09-12T20:23:25.743+0100,1.245,2.354,9.756
2815,2024-09-12T20:23:25.749+0100,1.219,2.287,9.850
2815,2024-09-12T20:23:25.756+0100,1.123,2.296,9.886
2815,2024-09-12T20:23:25.762+0100,1.056,2.322,9.737
2815,2024-09-12T20:23:25.768+0100,0.970,2.356,9.553
2815,2024-09-12T20:23:25.857+0100,0.936,2.378,9.476
2815,2024-09-12T20:23:25.864+0100,0.924,2.385,9.522
2815,2024-09-12T20:23:25.870+0100,0.910,2.382,9.551
2815,2024-09-12T20:23:25.876+0100,0.888,2.409,9.543
2815,2024-09-12T20:23:25.883+0100,0.855,2.418,9.522
2815,2024-09-12T20:23:25.972+0100,0.831,2.418,9.534
2815,2024-09-12T20:23:25.979+0100,0.840,2.421,9.608
2815,2024-09-12T20:23:25.985+0100,0.831,2.382,9.737
2815,2024-09-12T20:23:25.992+0100,0.773,2.370,9.847
2815,2024-09-12T20:23:25.998+0100,0.730,2.308,9.826
2815,2024-09-12T20:23:26.087+0100,0.653,2.251,9.606
2815,2024-09-12T20:23:26.093+0100,0.677,2.272,9.488
2815,2024-09-12T20:23:26.100+0100,0.677,2.258,9.534
2815,2024-09-12T20:23:26.106+0100,0.701,2.342,9.572
2815,2024-09-12T20:23:26.112+0100,0.756,2.349,9.491
2815,2024-09-12T20:23:26.221+0100,0.783,2.344,9.378
2815,2024-09-12T20:23:26.227+0100,0.730,2.342,9.187
2815,2024-09-12T20:23:26.233+0100,0.744,2.399,9.208
2815,2024-09-12T20:23:26.240+0100,0.797,2.433,9.330
2815,2024-09-12T20:23:26.246+0100,0.814,2.416,9.376
2815,2024-09-12T20:23:26.252+0100,0.831,2.433,9.383
2815,2024-09-12T20:23:26.258+0100,0.864,2.428,9.342
2815,2024-09-12T20:23:26.264+0100,0.867,2.461,9.421
2815,2024-09-12T20:23:26.271+0100,0.843,2.442,9.495
2815,2024-09-12T20:23:26.277+0100,0.771,2.401,9.457
2815,2024-09-12T20:23:26.296+0100,0.694,2.361,9.366
2815,2024-09-12T20:23:26.302+0100,0.651,2.394,9.321
2815,2024-09-12T20:23:26.308+0100,0.632,2.521,9.335
2815,2024-09-12T20:23:26.314+0100,0.728,2.442,9.381
2815,2024-09-12T20:23:26.319+0100,0.637,2.401,9.457
2815,2024-09-12T20:23:26.431+0100,0.673,2.299,9.536
2815,2024-09-12T20:23:26.437+0100,0.677,2.349,9.601
2815,2024-09-12T20:23:26.444+0100,0.596,2.492,9.625
2815,2024-09-12T20:23:26.450+0100,0.680,2.366,9.560
2815,2024-09-12T20:23:26.456+0100,0.680,2.277,9.450
2815,2024-09-12T20:23:26.527+0100,0.613,2.392,9.460
2815,2024-09-12T20:23:26.533+0100,0.668,2.440,9.495
2815,2024-09-12T20:23:26.540+0100,0.709,2.409,9.522
2815,2024-09-12T20:23:26.546+0100,0.653,2.389,9.589
2815,2024-09-12T20:23:26.552+0100,0.646,2.337,9.653
2815,2024-09-12T20:23:26.640+0100,0.653,2.289,9.610
2815,2024-09-12T20:23:26.646+0100,0.630,2.330,9.503
2815,2024-09-12T20:23:26.653+0100,0.704,2.339,9.467
2815,2024-09-12T20:23:26.659+0100,0.716,2.339,9.428
2815,2024-09-12T20:23:26.665+0100,0.644,2.385,9.378
2815,2024-09-12T20:23:26.735+0100,0.625,2.382,9.424
2815,2024-09-12T20:23:26.742+0100,0.670,2.370,9.534
2815,2024-09-12T20:23:26.748+0100,0.653,2.363,9.589
2815,2024-09-12T20:23:26.755+0100,0.642,2.327,9.560
2815,2024-09-12T20:23:26.761+0100,0.639,2.327,9.534
2815,2024-09-12T20:23:26.850+0100,0.639,2.368,9.460
2815,2024-09-12T20:23:26.857+0100,0.658,2.356,9.361
2815,2024-09-12T20:23:26.863+0100,0.673,2.373,9.347
2815,2024-09-12T20:23:26.869+0100,0.713,2.373,9.402
2815,2024-09-12T20:23:26.875+0100,0.790,2.337,9.433
2815,2024-09-12T20:23:26.926+0100,0.754,2.356,9.460
2815,2024-09-12T20:23:26.933+0100,0.814,2.291,9.438
2815,2024-09-12T20:23:26.939+0100,0.814,2.334,9.412
2815,2024-09-12T20:23:26.945+0100,0.881,2.346,9.321
2815,2024-09-12T20:23:26.952+0100,0.931,2.375,9.261
2815,2024-09-12T20:23:27.050+0100,0.970,2.387,9.409
2815,2024-09-12T20:23:27.057+0100,0.960,2.370,9.570
2815,2024-09-12T20:23:27.063+0100,0.914,2.322,9.574
2815,2024-09-12T20:23:27.069+0100,0.826,2.318,9.404
2815,2024-09-12T20:23:27.075+0100,0.831,2.354,9.201
2815,2024-09-12T20:23:27.098+0100,0.850,2.368,9.096
2815,2024-09-12T20:23:27.105+0100,0.812,2.346,9.208
2815,2024-09-12T20:23:27.111+0100,0.713,2.275,9.421
2815,2024-09-12T20:23:27.118+0100,0.658,2.186,9.579
2815,2024-09-12T20:23:27.124+0100,0.627,2.212,9.577
2815,2024-09-12T20:23:27.213+0100,0.642,2.267,9.589
2815,2024-09-12T20:23:27.219+0100,0.697,2.277,9.730
2815,2024-09-12T20:23:27.226+0100,0.716,2.248,9.929
2815,2024-09-12T20:23:27.232+0100,0.551,2.296,10.077
2815,2024-09-12T20:23:27.238+0100,0.402,2.152,9.996
2815,2024-09-12T20:23:27.328+0100,0.249,2.131,9.900
2815,2024-09-12T20:23:27.335+0100,0.409,2.126,9.821
2815,2024-09-12T20:23:27.341+0100,0.560,2.208,9.792
2815,2024-09-12T20:23:27.348+0100,0.740,2.200,9.807
2815,2024-09-12T20:23:27.354+0100,0.768,2.145,9.665
2815,2024-09-12T20:23:27.391+0100,0.747,2.136,9.534
2815,2024-09-12T20:23:27.398+0100,0.852,2.088,9.371
2815,2024-09-12T20:23:27.404+0100,0.907,2.191,9.321
2815,2024-09-12T20:23:27.410+0100,1.053,2.227,9.325
2815,2024-09-12T20:23:27.416+0100,1.125,2.255,9.390
2815,2024-09-12T20:23:27.468+0100,1.123,2.191,9.493
2815,2024-09-12T20:23:27.470+0100,1.058,2.191,9.594
2815,2024-09-12T20:23:27.473+0100,1.015,2.231,9.675
2815,2024-09-12T20:23:27.475+0100,0.792,2.301,9.498
2815,2024-09-12T20:23:27.477+0100,0.522,2.471,9.165
2815,2024-09-12T20:23:27.548+0100,0.522,2.445,9.191
2815,2024-09-12T20:23:27.551+0100,0.481,2.361,9.242
2815,2024-09-12T20:23:27.554+0100,0.330,2.373,9.258
2815,2024-09-12T20:23:27.557+0100,0.258,2.330,9.275
2815,2024-09-12T20:23:27.559+0100,0.237,2.239,9.333
2815,2024-09-12T20:23:27.631+0100,0.160,2.284,9.392
2815,2024-09-12T20:23:27.634+0100,-0.102,2.471,9.539
2815,2024-09-12T20:23:27.638+0100,-0.193,2.339,9.409
2815,2024-09-12T20:23:27.643+0100,-0.334,2.150,9.275
2815,2024-09-12T20:23:27.647+0100,-0.442,2.150,9.139
2815,2024-09-12T20:23:27.726+0100,-0.421,2.179,9.213
2815,2024-09-12T20:23:27.729+0100,-0.631,2.330,9.392
2815,2024-09-12T20:23:27.732+0100,-0.626,2.193,9.682
2815,2024-09-12T20:23:27.735+0100,-0.636,2.121,9.922
2815,2024-09-12T20:23:27.737+0100,-0.650,2.112,9.955
2815,2024-09-12T20:23:27.822+0100,-0.662,2.231,9.833
2815,2024-09-12T20:23:27.825+0100,-0.629,2.284,9.778
2815,2024-09-12T20:23:27.828+0100,-0.648,2.215,9.811
2815,2024-09-12T20:23:27.830+0100,-0.638,2.164,9.845
2815,2024-09-12T20:23:27.833+0100,-0.540,2.117,9.764
2815,2024-09-12T20:23:27.917+0100,-0.538,2.222,9.603
2815,2024-09-12T20:23:27.920+0100,-0.483,2.119,9.500
2815,2024-09-12T20:23:27.923+0100,-0.509,2.073,9.433
2815,2024-09-12T20:23:27.926+0100,-0.478,2.107,9.337
2815,2024-09-12T20:23:27.929+0100,-0.361,2.107,9.306
2815,2024-09-12T20:23:28.030+0100,-0.318,2.107,9.297
2815,2024-09-12T20:23:28.036+0100,-0.325,2.131,9.330
2815,2024-09-12T20:23:28.043+0100,-0.277,2.100,9.467
2815,2024-09-12T20:23:28.050+0100,-0.229,2.078,9.632
2815,2024-09-12T20:23:28.055+0100,-0.195,2.021,9.761
2815,2024-09-12T20:23:28.143+0100,-0.179,1.994,9.771
2815,2024-09-12T20:23:28.146+0100,-0.112,2.035,9.742
2815,2024-09-12T20:23:28.148+0100,0.048,2.073,9.706
2815,2024-09-12T20:23:28.152+0100,-0.009,2.198,9.773
2815,2024-09-12T20:23:28.155+0100,0.172,2.066,9.924
2815,2024-09-12T20:23:28.250+0100,0.124,2.040,9.826
2815,2024-09-12T20:23:28.257+0100,-0.018,2.131,9.790
2815,2024-09-12T20:23:28.263+0100,0.012,2.081,9.658
2815,2024-09-12T20:23:28.269+0100,0.014,1.990,9.541
2815,2024-09-12T20:23:28.273+0100,0.062,2.095,9.507
2815,2024-09-12T20:23:28.350+0100,0.194,2.181,9.546
2815,2024-09-12T20:23:28.356+0100,0.263,2.172,9.543
2815,2024-09-12T20:23:28.363+0100,0.225,2.126,9.756
2815,2024-09-12T20:23:28.369+0100,0.160,2.035,9.910
2815,2024-09-12T20:23:28.372+0100,0.108,2.047,9.883
2815,2024-09-12T20:23:28.432+0100,0.093,2.069,9.723
2815,2024-09-12T20:23:28.435+0100,0.103,2.028,9.471
2815,2024-09-12T20:23:28.437+0100,0.086,2.033,9.146
2815,2024-09-12T20:23:28.439+0100,-0.069,1.963,8.827
2815,2024-09-12T20:23:28.441+0100,-0.104,1.997,8.875
2815,2024-09-12T20:23:28.509+0100,0.086,2.030,9.263
2815,2024-09-12T20:23:28.511+0100,0.385,2.088,9.823
2815,2024-09-12T20:23:28.513+0100,0.349,1.963,9.922
2815,2024-09-12T20:23:28.515+0100,0.122,1.899,9.630
2815,2024-09-12T20:23:28.518+0100,0.115,2.030,9.438
2815,2024-09-12T20:23:28.629+0100,0.275,2.172,9.433
2815,2024-09-12T20:23:28.631+0100,0.433,2.258,9.565
2815,2024-09-12T20:23:28.633+0100,0.457,2.215,9.622
2815,2024-09-12T20:23:28.635+0100,0.314,2.124,9.603
2815,2024-09-12T20:23:28.637+0100,0.196,2.121,9.697
2815,2024-09-12T20:23:28.719+0100,0.201,2.124,9.838
2815,2024-09-12T20:23:28.721+0100,0.179,2.083,9.730
2815,2024-09-12T20:23:28.723+0100,0.110,2.124,9.644
2815,2024-09-12T20:23:28.725+0100,0.237,2.124,9.725
2815,2024-09-12T20:23:28.728+0100,0.330,2.136,9.713
2815,2024-09-12T20:23:28.808+0100,0.266,2.160,9.606
2815,2024-09-12T20:23:28.811+0100,0.239,2.117,9.524
2815,2024-09-12T20:23:28.814+0100,0.215,2.124,9.479
2815,2024-09-12T20:23:28.817+0100,0.244,2.181,9.474
2815,2024-09-12T20:23:28.819+0100,0.345,2.196,9.400
2815,2024-09-12T20:23:28.871+0100,0.249,2.203,9.280
2815,2024-09-12T20:23:28.877+0100,0.246,2.184,9.409
2815,2024-09-12T20:23:28.884+0100,0.234,2.167,9.505
2815,2024-09-12T20:23:28.889+0100,0.088,2.145,9.471
2815,2024-09-12T20:23:28.893+0100,0.033,2.090,9.414
2815,2024-09-12T20:23:28.971+0100,0.045,2.093,9.431
2815,2024-09-12T20:23:28.975+0100,0.165,2.105,9.500
2815,2024-09-12T20:23:28.978+0100,0.218,2.160,9.510
2815,2024-09-12T20:23:28.980+0100,0.263,2.181,9.512
2815,2024-09-12T20:23:28.982+0100,0.266,2.172,9.560
2815,2024-09-12T20:23:29.062+0100,0.170,2.279,9.486
2815,2024-09-12T20:23:29.065+0100,0.141,2.363,9.412
2815,2024-09-12T20:23:29.068+0100,0.196,2.339,9.416
2815,2024-09-12T20:23:29.071+0100,0.141,2.301,9.440
2815,2024-09-12T20:23:29.074+0100,0.076,2.289,9.661
2815,2024-09-12T20:23:29.158+0100,0.112,2.210,9.943
2815,2024-09-12T20:23:29.161+0100,0.067,2.265,9.742
2815,2024-09-12T20:23:29.164+0100,0.065,2.327,9.613
2815,2024-09-12T20:23:29.166+0100,0.199,2.272,9.742
2815,2024-09-12T20:23:29.169+0100,0.177,2.145,9.744
