2812,2024-09-10T22:45:58.043+0100,0.050,-0.133,9.919
2812,2024-09-10T22:45:58.052+0100,0.060,-0.112,9.924
2812,2024-09-10T22:45:58.059+0100,0.067,-0.104,9.922
2812,2024-09-10T22:45:58.065+0100,0.067,-0.138,9.914
2812,2024-09-10T22:45:58.072+0100,0.053,-0.159,9.902
2812,2024-09-10T22:45:58.138+0100,0.060,-0.164,9.907
2812,2024-09-10T22:45:58.145+0100,0.065,-0.133,9.910
2812,2024-09-10T22:45:58.151+0100,0.074,-0.119,9.914
2812,2024-09-10T22:45:58.157+0100,0.065,-0.140,9.912
2812,2024-09-10T22:45:58.164+0100,0.057,-0.131,9.917
2812,2024-09-10T22:45:58.234+0100,0.050,-0.152,9.910
2812,2024-09-10T22:45:58.241+0100,0.055,-0.140,9.914
2812,2024-09-10T22:45:58.247+0100,0.069,-0.126,9.910
2812,2024-09-10T22:45:58.253+0100,0.067,-0.128,9.914
2812,2024-09-10T22:45:58.259+0100,0.069,-0.138,9.907
2812,2024-09-10T22:45:58.329+0100,0.069,-0.150,9.910
2812,2024-09-10T22:45:58.336+0100,0.055,-0.143,9.902
2812,2024-09-10T22:45:58.343+0100,0.057,-0.140,9.914
2812,2024-09-10T22:45:58.349+0100,0.057,-0.138,9.917
2812,2024-09-10T22:45:58.356+0100,0.065,-0.131,9.907
2812,2024-09-10T22:45:58.423+0100,0.069,-0.140,9.907
2812,2024-09-10T22:45:58.430+0100,0.072,-0.135,9.907
2812,2024-09-10T22:45:58.436+0100,0.053,-0.133,9.910
2812,2024-09-10T22:45:58.442+0100,0.048,-0.138,9.912
2812,2024-09-10T22:45:58.449+0100,0.065,-0.138,9.917
2812,2024-09-10T22:45:58.520+0100,0.065,-0.143,9.917
2812,2024-09-10T22:45:58.527+0100,0.062,-0.140,9.910
2812,2024-09-10T22:45:58.533+0100,0.065,-0.131,9.914
2812,2024-09-10T22:45:58.539+0100,0.067,-0.138,9.914
2812,2024-09-10T22:45:58.546+0100,0.055,-0.128,9.905
2812,2024-09-10T22:45:58.615+0100,0.062,-0.138,9.910
2812,2024-09-10T22:45:58.621+0100,0.062,-0.140,9.914
2812,2024-09-10T22:45:58.627+0100,0.074,-0.135,9.917
2812,2024-09-10T22:45:58.634+0100,0.067,-0.133,9.910
2812,2024-09-10T22:45:58.640+0100,0.065,-0.135,9.907
2812,2024-09-10T22:45:58.711+0100,0.053,-0.133,9.919
2812,2024-09-10T22:45:58.718+0100,0.060,-0.128,9.912
2812,2024-09-10T22:45:58.725+0100,0.060,-0.128,9.902
2812,2024-09-10T22:45:58.731+0100,0.065,-0.143,9.907
2812,2024-09-10T22:45:58.737+0100,0.069,-0.159,9.902
2812,2024-09-10T22:45:58.806+0100,0.072,-0.169,9.890
2812,2024-09-10T22:45:58.813+0100,0.072,-0.193,9.886
2812,2024-09-10T22:45:58.819+0100,0.067,-0.198,9.881
2812,2024-09-10T22:45:58.825+0100,0.088,-0.210,9.869
2812,2024-09-10T22:45:58.831+0100,0.079,-0.181,9.900
2812,2024-09-10T22:45:58.901+0100,0.086,-0.155,9.922
2812,2024-09-10T22:45:58.908+0100,0.069,-0.114,9.926
2812,2024-09-10T22:45:58.914+0100,0.067,-0.078,9.922
2812,2024-09-10T22:45:58.920+0100,0.007,-0.018,9.955
2812,2024-09-10T22:45:58.926+0100,0.050,-0.028,9.924
2812,2024-09-10T22:45:58.997+0100,0.038,-0.023,9.946
2812,2024-09-10T22:45:59.003+0100,0.065,-0.025,9.917
2812,2024-09-10T22:45:59.009+0100,0.074,-0.138,9.907
2812,2024-09-10T22:45:59.016+0100,0.041,-0.200,9.902
2812,2024-09-10T22:45:59.022+0100,0.060,-0.243,9.881
2812,2024-09-10T22:45:59.093+0100,0.081,-0.234,9.883
2812,2024-09-10T22:45:59.100+0100,0.088,-0.167,9.888
2812,2024-09-10T22:45:59.106+0100,0.072,-0.126,9.907
2812,2024-09-10T22:45:59.113+0100,0.041,-0.083,9.919
2812,2024-09-10T22:45:59.119+0100,0.045,-0.076,9.922
2812,2024-09-10T22:45:59.187+0100,0.060,-0.056,9.917
2812,2024-09-10T22:45:59.194+0100,0.060,-0.083,9.919
2812,2024-09-10T22:45:59.200+0100,0.067,-0.140,9.898
2812,2024-09-10T22:45:59.207+0100,0.050,-0.193,9.888
2812,2024-09-10T22:45:59.213+0100,0.072,-0.205,9.890
2812,2024-09-10T22:45:59.284+0100,0.074,-0.179,9.893
2812,2024-09-10T22:45:59.290+0100,0.081,-0.135,9.898
2812,2024-09-10T22:45:59.297+0100,0.069,-0.097,9.907
2812,2024-09-10T22:45:59.303+0100,0.036,-0.078,9.914
2812,2024-09-10T22:45:59.309+0100,0.038,-0.078,9.922
2812,2024-09-10T22:45:59.379+0100,0.053,-0.095,9.912
2812,2024-09-10T22:45:59.386+0100,0.057,-0.135,9.900
2812,2024-09-10T22:45:59.392+0100,0.062,-0.179,9.893
2812,2024-09-10T22:45:59.399+0100,0.079,-0.171,9.898
2812,2024-09-10T22:45:59.405+0100,0.081,-0.171,9.888
2812,2024-09-10T22:45:59.475+0100,0.088,-0.135,9.893
2812,2024-09-10T22:45:59.481+0100,0.062,-0.116,9.912
2812,2024-09-10T22:45:59.488+0100,0.050,-0.097,9.912
2812,2024-09-10T22:45:59.494+0100,0.038,-0.088,9.910
2812,2024-09-10T22:45:59.501+0100,0.041,-0.104,9.900
2812,2024-09-10T22:45:59.571+0100,0.043,-0.128,9.905
2812,2024-09-10T22:45:59.578+0100,0.060,-0.152,9.900
2812,2024-09-10T22:45:59.584+0100,0.079,-0.157,9.898
2812,2024-09-10T22:45:59.590+0100,0.081,-0.147,9.900
2812,2024-09-10T22:45:59.597+0100,0.076,-0.138,9.912
2812,2024-09-10T22:45:59.664+0100,0.062,-0.126,9.874
2812,2024-09-10T22:45:59.671+0100,0.036,-0.109,9.914
2812,2024-09-10T22:45:59.677+0100,0.031,-0.121,9.910
2812,2024-09-10T22:45:59.684+0100,0.048,-0.109,9.905
2812,2024-09-10T22:45:59.690+0100,0.062,-0.124,9.898
2812,2024-09-10T22:45:59.761+0100,0.067,-0.135,9.898
2812,2024-09-10T22:45:59.768+0100,0.081,-0.135,9.900
2812,2024-09-10T22:45:59.774+0100,0.072,-0.150,9.888
2812,2024-09-10T22:45:59.781+0100,0.065,-0.138,9.893
2812,2024-09-10T22:45:59.787+0100,0.057,-0.133,9.895
2812,2024-09-10T22:45:59.857+0100,0.055,-0.131,9.900
2812,2024-09-10T22:45:59.863+0100,0.045,-0.121,9.907
2812,2024-09-10T22:45:59.870+0100,0.048,-0.124,9.907
2812,2024-09-10T22:45:59.877+0100,0.055,-0.121,9.893
2812,2024-09-10T22:45:59.883+0100,0.072,-0.131,9.893
2812,2024-09-10T22:45:59.952+0100,0.069,-0.138,9.888
2812,2024-09-10T22:45:59.959+0100,0.062,-0.133,9.895
2812,2024-09-10T22:45:59.965+0100,0.067,-0.133,9.898
2812,2024-09-10T22:45:59.971+0100,0.069,-0.135,9.898
2812,2024-09-10T22:45:59.977+0100,0.065,-0.128,9.898
2812,2024-09-10T22:46:00.046+0100,0.055,-0.131,9.895
2812,2024-09-10T22:46:00.053+0100,0.060,-0.135,9.895
2812,2024-09-10T22:46:00.060+0100,0.062,-0.140,9.890
2812,2024-09-10T22:46:00.066+0100,0.065,-0.131,9.893
2812,2024-09-10T22:46:00.073+0100,0.065,-0.126,9.895
2812,2024-09-10T22:46:00.143+0100,0.065,-0.119,9.895
2812,2024-09-10T22:46:00.150+0100,0.062,-0.114,9.886
2812,2024-09-10T22:46:00.156+0100,0.065,-0.126,9.893
2812,2024-09-10T22:46:00.163+0100,0.055,-0.124,9.893
2812,2024-09-10T22:46:00.170+0100,0.060,-0.131,9.893
2812,2024-09-10T22:46:00.241+0100,0.067,-0.133,9.893
2812,2024-09-10T22:46:00.248+0100,0.072,-0.133,9.890
2812,2024-09-10T22:46:00.254+0100,0.060,-0.138,9.895
2812,2024-09-10T22:46:00.261+0100,0.055,-0.152,9.888
2812,2024-09-10T22:46:00.267+0100,0.062,-0.133,9.883
2812,2024-09-10T22:46:00.334+0100,0.050,-0.121,9.893
2812,2024-09-10T22:46:00.341+0100,0.060,-0.116,9.890
2812,2024-09-10T22:46:00.347+0100,0.055,-0.124,9.895
2812,2024-09-10T22:46:00.354+0100,0.057,-0.133,9.893
2812,2024-09-10T22:46:00.360+0100,0.060,-0.133,9.886
2812,2024-09-10T22:46:00.430+0100,0.057,-0.131,9.886
2812,2024-09-10T22:46:00.437+0100,0.065,-0.133,9.900
2812,2024-09-10T22:46:00.443+0100,0.069,-0.131,9.890
2812,2024-09-10T22:46:00.450+0100,0.057,-0.138,9.886
2812,2024-09-10T22:46:00.457+0100,0.055,-0.138,9.893
2812,2024-09-10T22:46:00.526+0100,0.060,-0.126,9.890
2812,2024-09-10T22:46:00.533+0100,0.060,-0.119,9.895
2812,2024-09-10T22:46:00.540+0100,0.069,-0.116,9.893
2812,2024-09-10T22:46:00.546+0100,0.050,-0.128,9.895
2812,2024-09-10T22:46:00.553+0100,0.057,-0.131,9.888
2812,2024-09-10T22:46:00.621+0100,0.060,-0.135,9.890
2812,2024-09-10T22:46:00.628+0100,0.065,-0.145,9.893
2812,2024-09-10T22:46:00.634+0100,0.069,-0.124,9.888
2812,2024-09-10T22:46:00.641+0100,0.062,-0.128,9.890
2812,2024-09-10T22:46:00.648+0100,0.067,-0.131,9.890
2812,2024-09-10T22:46:00.718+0100,0.057,-0.133,9.893
2812,2024-09-10T22:46:00.725+0100,0.060,-0.126,9.895
2812,2024-09-10T22:46:00.732+0100,0.053,-0.126,9.890
2812,2024-09-10T22:46:00.738+0100,0.057,-0.135,9.895
2812,2024-09-10T22:46:00.744+0100,0.055,-0.143,9.890
2812,2024-09-10T22:46:00.813+0100,0.060,-0.133,9.893
2812,2024-09-10T22:46:00.819+0100,0.057,-0.121,9.900
2812,2024-09-10T22:46:00.825+0100,0.069,-0.126,9.893
2812,2024-09-10T22:46:00.832+0100,0.062,-0.131,9.893
2812,2024-09-10T22:46:00.838+0100,0.062,-0.128,9.888
2812,2024-09-10T22:46:00.907+0100,0.060,-0.126,9.890
2812,2024-09-10T22:46:00.913+0100,0.060,-0.135,9.895
2812,2024-09-10T22:46:00.920+0100,0.060,-0.131,9.893
2812,2024-09-10T22:46:00.926+0100,0.062,-0.124,9.898
2812,2024-09-10T22:46:00.933+0100,0.055,-0.138,9.895
2812,2024-09-10T22:46:01.005+0100,0.069,-0.126,9.890
2812,2024-09-10T22:46:01.012+0100,0.060,-0.133,9.893
2812,2024-09-10T22:46:01.019+0100,0.060,-0.133,9.893
2812,2024-09-10T22:46:01.025+0100,0.045,-0.150,9.898
2812,2024-09-10T22:46:01.032+0100,0.062,-0.128,9.895
2812,2024-09-10T22:46:01.101+0100,0.062,-0.119,9.895
2812,2024-09-10T22:46:01.107+0100,0.060,-0.133,9.890
2812,2024-09-10T22:46:01.114+0100,0.057,-0.133,9.898
2812,2024-09-10T22:46:01.121+0100,0.062,-0.133,9.895
2812,2024-09-10T22:46:01.127+0100,0.065,-0.133,9.898
2812,2024-09-10T22:46:01.193+0100,0.050,-0.143,9.888
2812,2024-09-10T22:46:01.201+0100,0.062,-0.138,9.895
2812,2024-09-10T22:46:01.207+0100,0.062,-0.131,9.895
2812,2024-09-10T22:46:01.214+0100,0.067,-0.119,9.893
2812,2024-09-10T22:46:01.220+0100,0.062,-0.116,9.898
2812,2024-09-10T22:46:01.290+0100,0.065,-0.126,9.890
2812,2024-09-10T22:46:01.297+0100,0.062,-0.145,9.890
2812,2024-09-10T22:46:01.303+0100,0.055,-0.135,9.895
2812,2024-09-10T22:46:01.309+0100,0.055,-0.131,9.898
2812,2024-09-10T22:46:01.316+0100,0.062,-0.128,9.900
2812,2024-09-10T22:46:01.383+0100,0.060,-0.114,9.902
2812,2024-09-10T22:46:01.389+0100,0.060,-0.116,9.905
2812,2024-09-10T22:46:01.396+0100,0.060,-0.124,9.900
2812,2024-09-10T22:46:01.402+0100,0.060,-0.126,9.893
2812,2024-09-10T22:46:01.409+0100,0.062,-0.147,9.893
2812,2024-09-10T22:46:01.482+0100,0.055,-0.152,9.890
2812,2024-09-10T22:46:01.489+0100,0.067,-0.138,9.893
2812,2024-09-10T22:46:01.496+0100,0.067,-0.119,9.900
2812,2024-09-10T22:46:01.503+0100,0.060,-0.119,9.895
2812,2024-09-10T22:46:01.509+0100,0.062,-0.126,9.890
2812,2024-09-10T22:46:01.577+0100,0.050,-0.135,9.893
2812,2024-09-10T22:46:01.584+0100,0.055,-0.140,9.895
2812,2024-09-10T22:46:01.591+0100,0.057,-0.135,9.893
2812,2024-09-10T22:46:01.598+0100,0.065,-0.143,9.895
2812,2024-09-10T22:46:01.604+0100,0.074,-0.124,9.893
2812,2024-09-10T22:46:01.672+0100,0.072,-0.121,9.895
2812,2024-09-10T22:46:01.679+0100,0.057,-0.121,9.895
2812,2024-09-10T22:46:01.685+0100,0.053,-0.140,9.893
2812,2024-09-10T22:46:01.692+0100,0.041,-0.133,9.895
2812,2024-09-10T22:46:01.698+0100,0.057,-0.126,9.902
2812,2024-09-10T22:46:01.764+0100,0.065,-0.126,9.902
2812,2024-09-10T22:46:01.770+0100,0.072,-0.116,9.907
2812,2024-09-10T22:46:01.777+0100,0.065,-0.135,9.890
2812,2024-09-10T22:46:01.784+0100,0.062,-0.152,9.900
2812,2024-09-10T22:46:01.790+0100,0.060,-0.135,9.898
2812,2024-09-10T22:46:01.861+0100,0.057,-0.131,9.902
2812,2024-09-10T22:46:01.868+0100,0.060,-0.112,9.902
2812,2024-09-10T22:46:01.874+0100,0.060,-0.109,9.912
2812,2024-09-10T22:46:01.881+0100,0.065,-0.112,9.905
2812,2024-09-10T22:46:01.888+0100,0.062,-0.121,9.902
2812,2024-09-10T22:46:01.957+0100,0.053,-0.140,9.895
2812,2024-09-10T22:46:01.966+0100,0.048,-0.150,9.895
2812,2024-09-10T22:46:01.975+0100,0.060,-0.150,9.893
2812,2024-09-10T22:46:01.989+0100,0.067,-0.124,9.900
2812,2024-09-10T22:46:01.997+0100,0.065,-0.119,9.895
2812,2024-09-10T22:46:02.053+0100,0.062,-0.121,9.907
2812,2024-09-10T22:46:02.059+0100,0.050,-0.121,9.900
2812,2024-09-10T22:46:02.066+0100,0.057,-0.116,9.895
2812,2024-09-10T22:46:02.073+0100,0.060,-0.121,9.900
2812,2024-09-10T22:46:02.079+0100,0.065,-0.131,9.898
2812,2024-09-10T22:46:02.146+0100,0.062,-0.138,9.898
2812,2024-09-10T22:46:02.153+0100,0.055,-0.147,9.898
2812,2024-09-10T22:46:02.160+0100,0.060,-0.135,9.893
2812,2024-09-10T22:46:02.166+0100,0.062,-0.140,9.895
2812,2024-09-10T22:46:02.173+0100,0.060,-0.126,9.900
2812,2024-09-10T22:46:02.243+0100,0.057,-0.131,9.898
2812,2024-09-10T22:46:02.250+0100,0.055,-0.119,9.905
2812,2024-09-10T22:46:02.256+0100,0.069,-0.116,9.905
2812,2024-09-10T22:46:02.263+0100,0.057,-0.131,9.893
2812,2024-09-10T22:46:02.269+0100,0.065,-0.128,9.900
2812,2024-09-10T22:46:02.339+0100,0.060,-0.147,9.895
2812,2024-09-10T22:46:02.345+0100,0.055,-0.147,9.886
2812,2024-09-10T22:46:02.351+0100,0.065,-0.133,9.888
2812,2024-09-10T22:46:02.358+0100,0.060,-0.114,9.905
2812,2024-09-10T22:46:02.365+0100,0.062,-0.128,9.898
2812,2024-09-10T22:46:02.435+0100,0.062,-0.124,9.905
2812,2024-09-10T22:46:02.441+0100,0.055,-0.133,9.902
2812,2024-09-10T22:46:02.448+0100,0.057,-0.138,9.907
2812,2024-09-10T22:46:02.455+0100,0.048,-0.135,9.902
2812,2024-09-10T22:46:02.461+0100,0.060,-0.124,9.905
2812,2024-09-10T22:46:02.530+0100,0.067,-0.131,9.900
2812,2024-09-10T22:46:02.537+0100,0.060,-0.135,9.902
2812,2024-09-10T22:46:02.543+0100,0.062,-0.135,9.900
2812,2024-09-10T22:46:02.550+0100,0.055,-0.135,9.902
2812,2024-09-10T22:46:02.557+0100,0.060,-0.128,9.905
2812,2024-09-10T22:46:02.625+0100,0.060,-0.131,9.895
2812,2024-09-10T22:46:02.632+0100,0.074,-0.133,9.902
2812,2024-09-10T22:46:02.638+0100,0.069,-0.131,9.902
2812,2024-09-10T22:46:02.645+0100,0.060,-0.135,9.910
2812,2024-09-10T22:46:02.652+0100,0.060,-0.124,9.900
2812,2024-09-10T22:46:02.724+0100,0.048,-0.128,9.905
2812,2024-09-10T22:46:02.731+0100,0.055,-0.131,9.902
2812,2024-09-10T22:46:02.737+0100,0.045,-0.121,9.905
2812,2024-09-10T22:46:02.743+0100,0.036,-0.104,9.919
2812,2024-09-10T22:46:02.749+0100,0.036,-0.100,9.924
2812,2024-09-10T22:46:02.816+0100,0.067,-0.114,9.895
2812,2024-09-10T22:46:02.822+0100,0.088,-0.128,9.888
2812,2024-09-10T22:46:02.829+0100,0.079,-0.186,9.890
2812,2024-09-10T22:46:02.835+0100,0.057,-0.224,9.871
2812,2024-09-10T22:46:02.842+0100,0.043,-0.203,9.890
2812,2024-09-10T22:46:02.912+0100,0.050,-0.112,9.879
2812,2024-09-10T22:46:02.918+0100,0.062,-0.088,9.936
2812,2024-09-10T22:46:02.925+0100,0.072,-0.049,9.912
2812,2024-09-10T22:46:02.932+0100,0.048,-0.131,9.900
2812,2024-09-10T22:46:02.938+0100,0.050,-0.164,9.888
2812,2024-09-10T22:46:03.007+0100,0.057,-0.164,9.895
2812,2024-09-10T22:46:03.014+0100,0.079,-0.159,9.888
2812,2024-09-10T22:46:03.020+0100,0.074,-0.138,9.893
2812,2024-09-10T22:46:03.027+0100,0.060,-0.133,9.902
2812,2024-09-10T22:46:03.033+0100,0.060,-0.124,9.907
2812,2024-09-10T22:46:03.101+0100,0.053,-0.104,9.902
2812,2024-09-10T22:46:03.108+0100,0.057,-0.126,9.902
2812,2024-09-10T22:46:03.114+0100,0.048,-0.138,9.893
2812,2024-09-10T22:46:03.121+0100,0.045,-0.143,9.902
2812,2024-09-10T22:46:03.127+0100,0.067,-0.145,9.907
2812,2024-09-10T22:46:03.200+0100,0.074,-0.128,9.900
2812,2024-09-10T22:46:03.207+0100,0.053,-0.131,9.905
2812,2024-09-10T22:46:03.213+0100,0.053,-0.140,9.898
2812,2024-09-10T22:46:03.220+0100,0.060,-0.143,9.895
2812,2024-09-10T22:46:03.226+0100,0.072,-0.135,9.895
2812,2024-09-10T22:46:03.293+0100,0.057,-0.112,9.907
2812,2024-09-10T22:46:03.300+0100,0.043,-0.159,9.898
2812,2024-09-10T22:46:03.306+0100,0.057,-0.147,9.886
2812,2024-09-10T22:46:03.313+0100,0.065,-0.119,9.905
2812,2024-09-10T22:46:03.319+0100,0.069,-0.128,9.898
2812,2024-09-10T22:46:03.388+0100,0.055,-0.124,9.907
2812,2024-09-10T22:46:03.394+0100,0.057,-0.152,9.898
2812,2024-09-10T22:46:03.401+0100,0.057,-0.138,9.881
2812,2024-09-10T22:46:03.408+0100,0.072,-0.126,9.926
2812,2024-09-10T22:46:03.414+0100,0.060,-0.131,9.888
2812,2024-09-10T22:46:03.486+0100,0.060,-0.128,9.912
2812,2024-09-10T22:46:03.493+0100,0.065,-0.131,9.898
2812,2024-09-10T22:46:03.500+0100,0.057,-0.126,9.900
2812,2024-09-10T22:46:03.506+0100,0.048,-0.135,9.895
2812,2024-09-10T22:46:03.513+0100,0.053,-0.140,9.907
2812,2024-09-10T22:46:03.583+0100,0.062,-0.131,9.902
2812,2024-09-10T22:46:03.589+0100,0.067,-0.133,9.898
2812,2024-09-10T22:46:03.596+0100,0.065,-0.126,9.905
2812,2024-09-10T22:46:03.603+0100,0.060,-0.133,9.895
2812,2024-09-10T22:46:03.610+0100,0.055,-0.128,9.890
2812,2024-09-10T22:46:03.678+0100,0.055,-0.128,9.898
2812,2024-09-10T22:46:03.685+0100,0.060,-0.128,9.905
2812,2024-09-10T22:46:03.691+0100,0.053,-0.128,9.900
2812,2024-09-10T22:46:03.698+0100,0.055,-0.133,9.900
2812,2024-09-10T22:46:03.704+0100,0.062,-0.126,9.893
2812,2024-09-10T22:46:03.772+0100,0.062,-0.133,9.898
2812,2024-09-10T22:46:03.778+0100,0.065,-0.128,9.895
2812,2024-09-10T22:46:03.785+0100,0.060,-0.138,9.902
2812,2024-09-10T22:46:03.791+0100,0.065,-0.140,9.900
2812,2024-09-10T22:46:03.798+0100,0.053,-0.135,9.905
2812,2024-09-10T22:46:03.864+0100,0.057,-0.138,9.898
2812,2024-09-10T22:46:03.870+0100,0.055,-0.140,9.902
2812,2024-09-10T22:46:03.877+0100,0.060,-0.138,9.895
2812,2024-09-10T22:46:03.883+0100,0.060,-0.131,9.895
2812,2024-09-10T22:46:03.890+0100,0.065,-0.135,9.895
2812,2024-09-10T22:46:03.964+0100,0.055,-0.133,9.902
2812,2024-09-10T22:46:03.971+0100,0.055,-0.135,9.898
2812,2024-09-10T22:46:03.978+0100,0.057,-0.135,9.895
2812,2024-09-10T22:46:03.985+0100,0.057,-0.135,9.902
2812,2024-09-10T22:46:03.991+0100,0.057,-0.138,9.898
2812,2024-09-10T22:46:04.057+0100,0.065,-0.131,9.902
2812,2024-09-10T22:46:04.063+0100,0.067,-0.133,9.902
2812,2024-09-10T22:46:04.070+0100,0.053,-0.133,9.898
2812,2024-09-10T22:46:04.077+0100,0.060,-0.138,9.890
2812,2024-09-10T22:46:04.083+0100,0.057,-0.131,9.905
2812,2024-09-10T22:46:04.155+0100,0.055,-0.133,9.900
2812,2024-09-10T22:46:04.161+0100,0.065,-0.131,9.900
2812,2024-09-10T22:46:04.168+0100,0.057,-0.135,9.902
2812,2024-09-10T22:46:04.174+0100,0.055,-0.140,9.895
2812,2024-09-10T22:46:04.180+0100,0.053,-0.133,9.907
2812,2024-09-10T22:46:04.247+0100,0.065,-0.133,9.905
2812,2024-09-10T22:46:04.253+0100,0.060,-0.138,9.898
2812,2024-09-10T22:46:04.259+0100,0.060,-0.128,9.900
2812,2024-09-10T22:46:04.266+0100,0.062,-0.135,9.900
2812,2024-09-10T22:46:04.272+0100,0.060,-0.138,9.900
2812,2024-09-10T22:46:04.343+0100,0.065,-0.133,9.900
2812,2024-09-10T22:46:04.350+0100,0.067,-0.138,9.893
2812,2024-09-10T22:46:04.358+0100,0.060,-0.135,9.898
2812,2024-09-10T22:46:04.367+0100,0.053,-0.135,9.890
2812,2024-09-10T22:46:04.381+0100,0.065,-0.126,9.900
2812,2024-09-10T22:46:04.438+0100,0.053,-0.131,9.893
2812,2024-09-10T22:46:04.445+0100,0.060,-0.131,9.902
2812,2024-09-10T22:46:04.452+0100,0.057,-0.131,9.895
2812,2024-09-10T22:46:04.458+0100,0.067,-0.138,9.898
2812,2024-09-10T22:46:04.465+0100,0.062,-0.133,9.900
2812,2024-09-10T22:46:04.535+0100,0.062,-0.135,9.893
2812,2024-09-10T22:46:04.541+0100,0.055,-0.131,9.895
2812,2024-09-10T22:46:04.548+0100,0.053,-0.133,9.902
2812,2024-09-10T22:46:04.555+0100,0.065,-0.128,9.895
2812,2024-09-10T22:46:04.561+0100,0.065,-0.128,9.893
2812,2024-09-10T22:46:04.631+0100,0.060,-0.138,9.900
2812,2024-09-10T22:46:04.637+0100,0.062,-0.131,9.900
2812,2024-09-10T22:46:04.644+0100,0.060,-0.131,9.905
2812,2024-09-10T22:46:04.651+0100,0.053,-0.138,9.900
2812,2024-09-10T22:46:04.657+0100,0.057,-0.133,9.905
2812,2024-09-10T22:46:04.726+0100,0.055,-0.128,9.893
2812,2024-09-10T22:46:04.733+0100,0.053,-0.140,9.895
2812,2024-09-10T22:46:04.739+0100,0.053,-0.140,9.895
2812,2024-09-10T22:46:04.746+0100,0.062,-0.138,9.900
2812,2024-09-10T22:46:04.752+0100,0.060,-0.145,9.902
2812,2024-09-10T22:46:04.820+0100,0.062,-0.131,9.900
2812,2024-09-10T22:46:04.826+0100,0.060,-0.124,9.895
2812,2024-09-10T22:46:04.833+0100,0.060,-0.138,9.900
2812,2024-09-10T22:46:04.839+0100,0.069,-0.135,9.900
2812,2024-09-10T22:46:04.846+0100,0.062,-0.131,9.895
2812,2024-09-10T22:46:04.916+0100,0.062,-0.126,9.905
2812,2024-09-10T22:46:04.923+0100,0.053,-0.135,9.900
2812,2024-09-10T22:46:04.930+0100,0.060,-0.131,9.898
2812,2024-09-10T22:46:04.937+0100,0.065,-0.124,9.900
2812,2024-09-10T22:46:04.943+0100,0.065,-0.135,9.905
2812,2024-09-10T22:46:05.014+0100,0.057,-0.138,9.900
2812,2024-09-10T22:46:05.020+0100,0.053,-0.135,9.895
2812,2024-09-10T22:46:05.027+0100,0.067,-0.128,9.907
2812,2024-09-10T22:46:05.033+0100,0.062,-0.131,9.898
2812,2024-09-10T22:46:05.040+0100,0.069,-0.128,9.902
2812,2024-09-10T22:46:05.106+0100,0.050,-0.133,9.900
2812,2024-09-10T22:46:05.113+0100,0.050,-0.133,9.902
2812,2024-09-10T22:46:05.120+0100,0.060,-0.128,9.898
2812,2024-09-10T22:46:05.128+0100,0.060,-0.135,9.900
2812,2024-09-10T22:46:05.137+0100,0.062,-0.140,9.895
2812,2024-09-10T22:46:05.145+0100,0.067,-0.133,9.895
2812,2024-09-10T22:46:05.201+0100,0.060,-0.133,9.907
2812,2024-09-10T22:46:05.207+0100,0.057,-0.143,9.898
2812,2024-09-10T22:46:05.212+0100,0.065,-0.135,9.900
2812,2024-09-10T22:46:05.218+0100,0.067,-0.135,9.898
2812,2024-09-10T22:46:05.297+0100,0.060,-0.143,9.898
2812,2024-09-10T22:46:05.301+0100,0.065,-0.133,9.900
2812,2024-09-10T22:46:05.307+0100,0.060,-0.135,9.900
2812,2024-09-10T22:46:05.314+0100,0.062,-0.140,9.900
2812,2024-09-10T22:46:05.321+0100,0.055,-0.140,9.900
2812,2024-09-10T22:46:05.392+0100,0.055,-0.131,9.898
2812,2024-09-10T22:46:05.400+0100,0.060,-0.135,9.900
2812,2024-09-10T22:46:05.408+0100,0.057,-0.135,9.900
2812,2024-09-10T22:46:05.415+0100,0.060,-0.140,9.898
2812,2024-09-10T22:46:05.422+0100,0.055,-0.133,9.898
2812,2024-09-10T22:46:05.489+0100,0.055,-0.131,9.893
2812,2024-09-10T22:46:05.496+0100,0.055,-0.135,9.907
2812,2024-09-10T22:46:05.503+0100,0.057,-0.135,9.900
2812,2024-09-10T22:46:05.509+0100,0.033,-0.116,9.797
2812,2024-09-10T22:46:05.516+0100,0.170,-0.138,10.120
2812,2024-09-10T22:46:05.585+0100,0.069,-0.205,9.783
2812,2024-09-10T22:46:05.591+0100,0.199,-0.183,9.946
2812,2024-09-10T22:46:05.598+0100,0.091,-0.109,9.843
2812,2024-09-10T22:46:05.605+0100,-0.128,-0.121,9.859
2812,2024-09-10T22:46:05.611+0100,-0.095,-0.040,9.996
2812,2024-09-10T22:46:05.679+0100,0.045,-0.119,9.922
2812,2024-09-10T22:46:05.685+0100,0.002,-0.126,9.814
2812,2024-09-10T22:46:05.692+0100,0.038,-0.119,9.958
2812,2024-09-10T22:46:05.698+0100,-0.665,0.251,9.934
2812,2024-09-10T22:46:05.704+0100,-0.492,0.125,9.840
2812,2024-09-10T22:46:05.775+0100,0.452,-0.622,9.795
2812,2024-09-10T22:46:05.782+0100,0.467,-0.935,9.814
2812,2024-09-10T22:46:05.789+0100,-0.160,-1.335,9.716
2812,2024-09-10T22:46:05.796+0100,-0.054,-0.969,10.740
2812,2024-09-10T22:46:05.802+0100,-0.148,0.848,9.958
2812,2024-09-10T22:46:05.870+0100,0.622,-0.035,10.362
2812,2024-09-10T22:46:05.877+0100,-0.116,-1.828,10.559
2812,2024-09-10T22:46:05.883+0100,0.294,-1.127,11.234
2812,2024-09-10T22:46:05.890+0100,-0.133,-1.191,11.595
2812,2024-09-10T22:46:05.897+0100,0.445,-1.972,12.124
2812,2024-09-10T22:46:05.964+0100,2.250,-2.326,13.432
2812,2024-09-10T22:46:05.971+0100,3.891,-2.482,13.034
2812,2024-09-10T22:46:05.977+0100,4.839,-2.314,11.571
2812,2024-09-10T22:46:05.984+0100,5.021,-2.379,9.996
2812,2024-09-10T22:46:05.991+0100,4.451,-2.697,9.634
2812,2024-09-10T22:46:06.061+0100,6.053,-2.302,8.713
2812,2024-09-10T22:46:06.068+0100,6.828,-1.187,5.993
2812,2024-09-10T22:46:06.075+0100,7.080,-1.926,4.700
2812,2024-09-10T22:46:06.081+0100,7.082,-1.895,4.015
2812,2024-09-10T22:46:06.088+0100,7.312,-0.815,3.021
2812,2024-09-10T22:46:06.157+0100,8.253,-0.686,1.956
2812,2024-09-10T22:46:06.163+0100,7.786,-1.182,1.623
2812,2024-09-10T22:46:06.170+0100,9.558,-0.746,1.769
2812,2024-09-10T22:46:06.177+0100,11.382,-0.138,1.041
2812,2024-09-10T22:46:06.183+0100,10.743,-0.552,1.300
2812,2024-09-10T22:46:06.251+0100,10.611,-0.729,2.296
2812,2024-09-10T22:46:06.258+0100,13.944,-0.332,1.475
2812,2024-09-10T22:46:06.265+0100,12.002,-0.198,3.452
2812,2024-09-10T22:46:06.273+0100,12.342,0.402,3.337
2812,2024-09-10T22:46:06.281+0100,13.068,0.840,2.475
2812,2024-09-10T22:46:06.349+0100,13.540,1.025,1.640
2812,2024-09-10T22:46:06.356+0100,13.147,0.709,1.340
2812,2024-09-10T22:46:06.362+0100,12.302,0.802,1.913
2812,2024-09-10T22:46:06.369+0100,11.203,1.022,1.738
2812,2024-09-10T22:46:06.376+0100,10.609,1.097,1.154
2812,2024-09-10T22:46:06.444+0100,11.378,0.713,0.649
2812,2024-09-10T22:46:06.451+0100,11.387,0.074,-0.373
2812,2024-09-10T22:46:06.458+0100,10.777,0.268,-1.386
2812,2024-09-10T22:46:06.464+0100,10.681,-0.131,-1.781
2812,2024-09-10T22:46:06.471+0100,11.117,-0.866,-2.152
2812,2024-09-10T22:46:06.541+0100,10.331,-1.160,-2.774
2812,2024-09-10T22:46:06.547+0100,9.177,-0.554,-3.528
2812,2024-09-10T22:46:06.554+0100,7.674,0.441,-4.151
2812,2024-09-10T22:46:06.561+0100,7.001,1.003,-3.732
2812,2024-09-10T22:46:06.567+0100,8.473,0.347,-2.645
2812,2024-09-10T22:46:06.634+0100,9.326,0.517,-3.121
2812,2024-09-10T22:46:06.641+0100,8.923,0.575,-4.007
2812,2024-09-10T22:46:06.648+0100,7.824,0.977,-4.311
2812,2024-09-10T22:46:06.655+0100,7.015,1.441,-3.919
2812,2024-09-10T22:46:06.661+0100,6.345,1.817,-3.361
2812,2024-09-10T22:46:06.730+0100,5.607,2.270,-3.030
2812,2024-09-10T22:46:06.740+0100,5.914,2.519,-2.681
2812,2024-09-10T22:46:06.756+0100,6.783,2.777,-2.530
2812,2024-09-10T22:46:06.764+0100,7.199,2.959,-2.801
2812,2024-09-10T22:46:06.770+0100,7.154,3.407,-2.734
2812,2024-09-10T22:46:06.826+0100,7.676,3.824,-2.027
2812,2024-09-10T22:46:06.831+0100,7.618,4.145,-2.396
2812,2024-09-10T22:46:06.842+0100,7.238,4.010,-2.616
2812,2024-09-10T22:46:06.849+0100,7.767,3.972,-3.102
2812,2024-09-10T22:46:06.856+0100,8.497,3.931,-3.481
2812,2024-09-10T22:46:06.932+0100,8.322,4.607,-3.062
2812,2024-09-10T22:46:06.936+0100,7.369,4.760,-2.279
2812,2024-09-10T22:46:06.939+0100,6.948,4.846,-1.783
2812,2024-09-10T22:46:06.943+0100,7.369,4.518,-1.999
2812,2024-09-10T22:46:06.947+0100,8.188,4.319,-2.377
2812,2024-09-10T22:46:06.975+0100,8.538,4.480,-1.908
2812,2024-09-10T22:46:06.982+0100,7.255,4.484,-1.211
2812,2024-09-10T22:46:07.028+0100,6.915,4.106,-0.785
2812,2024-09-10T22:46:07.033+0100,7.762,3.275,-1.182
2812,2024-09-10T22:46:07.037+0100,8.136,2.603,-2.679
2812,2024-09-10T22:46:07.124+0100,8.133,2.215,-3.691
2812,2024-09-10T22:46:07.130+0100,8.140,1.872,-4.223
2812,2024-09-10T22:46:07.137+0100,8.095,1.540,-4.733
2812,2024-09-10T22:46:07.144+0100,8.308,0.508,-3.423
2812,2024-09-10T22:46:07.151+0100,9.330,1.235,-4.350
2812,2024-09-10T22:46:07.221+0100,9.381,0.510,-4.601
2812,2024-09-10T22:46:07.225+0100,8.990,-0.231,-4.932
2812,2024-09-10T22:46:07.230+0100,9.170,-0.327,-5.499
2812,2024-09-10T22:46:07.236+0100,9.680,-0.236,-5.686
2812,2024-09-10T22:46:07.243+0100,9.436,-0.703,-5.279
2812,2024-09-10T22:46:07.316+0100,9.065,-0.820,-4.747
2812,2024-09-10T22:46:07.319+0100,8.842,-0.619,-4.517
2812,2024-09-10T22:46:07.322+0100,9.002,-0.835,-4.910
2812,2024-09-10T22:46:07.324+0100,9.517,-0.818,-5.494
2812,2024-09-10T22:46:07.326+0100,9.230,-0.746,-5.437
2812,2024-09-10T22:46:07.411+0100,9.022,-0.507,-4.706
2812,2024-09-10T22:46:07.417+0100,9.053,-0.047,-4.323
2812,2024-09-10T22:46:07.422+0100,8.971,0.306,-4.556
2812,2024-09-10T22:46:07.428+0100,9.203,0.560,-4.529
2812,2024-09-10T22:46:07.434+0100,9.311,0.464,-4.261
2812,2024-09-10T22:46:07.506+0100,8.705,0.687,-4.031
2812,2024-09-10T22:46:07.513+0100,8.095,0.919,-4.173
2812,2024-09-10T22:46:07.519+0100,8.289,1.008,-4.541
2812,2024-09-10T22:46:07.526+0100,8.471,0.943,-4.740
2812,2024-09-10T22:46:07.532+0100,8.358,0.812,-4.970
2812,2024-09-10T22:46:07.603+0100,7.829,0.864,-5.475
2812,2024-09-10T22:46:07.609+0100,7.456,0.996,-6.014
2812,2024-09-10T22:46:07.615+0100,6.967,1.037,-6.497
2812,2024-09-10T22:46:07.622+0100,6.778,1.259,-6.878
2812,2024-09-10T22:46:07.628+0100,6.989,1.434,-7.359
2812,2024-09-10T22:46:07.699+0100,7.300,1.530,-7.824
2812,2024-09-10T22:46:07.706+0100,7.492,1.774,-8.169
2812,2024-09-10T22:46:07.712+0100,7.298,2.081,-8.166
2812,2024-09-10T22:46:07.718+0100,6.565,2.504,-8.315
2812,2024-09-10T22:46:07.725+0100,6.053,3.055,-8.638
2812,2024-09-10T22:46:07.793+0100,5.990,3.335,-8.870
2812,2024-09-10T22:46:07.800+0100,5.883,3.486,-9.155
2812,2024-09-10T22:46:07.806+0100,5.555,3.939,-9.232
2812,2024-09-10T22:46:07.812+0100,5.775,4.614,-9.447
2812,2024-09-10T22:46:07.819+0100,6.967,4.113,-10.252
2812,2024-09-10T22:46:07.889+0100,8.806,2.315,-11.298
2812,2024-09-10T22:46:07.895+0100,9.989,0.498,-12.603
2812,2024-09-10T22:46:07.902+0100,9.457,-0.274,-12.617
2812,2024-09-10T22:46:07.908+0100,7.647,0.101,-10.881
2812,2024-09-10T22:46:07.914+0100,6.005,1.097,-8.604
2812,2024-09-10T22:46:07.984+0100,5.136,1.851,-6.957
2812,2024-09-10T22:46:07.991+0100,4.712,2.155,-6.318
2812,2024-09-10T22:46:07.997+0100,4.894,1.908,-6.670
2812,2024-09-10T22:46:08.003+0100,5.581,1.415,-7.326
2812,2024-09-10T22:46:08.010+0100,5.907,0.855,-7.742
2812,2024-09-10T22:46:08.079+0100,5.313,0.546,-7.704
2812,2024-09-10T22:46:08.086+0100,4.391,0.594,-7.242
2812,2024-09-10T22:46:08.092+0100,3.467,0.702,-6.545
2812,2024-09-10T22:46:08.099+0100,3.084,0.670,-5.987
2812,2024-09-10T22:46:08.105+0100,2.732,0.790,-5.815
2812,2024-09-10T22:46:08.174+0100,2.444,1.144,-5.772
2812,2024-09-10T22:46:08.181+0100,2.420,1.499,-5.588
2812,2024-09-10T22:46:08.187+0100,3.002,1.889,-5.578
2812,2024-09-10T22:46:08.194+0100,3.634,2.054,-5.731
2812,2024-09-10T22:46:08.200+0100,4.049,2.344,-5.947
2812,2024-09-10T22:46:08.270+0100,3.910,2.902,-6.138
2812,2024-09-10T22:46:08.277+0100,4.374,3.541,-6.574
2812,2024-09-10T22:46:08.283+0100,5.387,3.955,-6.979
2812,2024-09-10T22:46:08.289+0100,6.373,4.034,-7.007
2812,2024-09-10T22:46:08.296+0100,7.197,4.224,-6.794
2812,2024-09-10T22:46:08.367+0100,7.353,4.350,-6.397
2812,2024-09-10T22:46:08.373+0100,7.032,4.432,-5.987
2812,2024-09-10T22:46:08.379+0100,6.728,4.717,-5.523
2812,2024-09-10T22:46:08.386+0100,6.429,5.109,-5.039
2812,2024-09-10T22:46:08.392+0100,6.144,5.332,-4.714
2812,2024-09-10T22:46:08.464+0100,6.019,5.203,-5.137
2812,2024-09-10T22:46:08.470+0100,6.469,4.767,-6.306
2812,2024-09-10T22:46:08.477+0100,6.804,4.444,-7.113
2812,2024-09-10T22:46:08.484+0100,6.728,4.501,-7.496
2812,2024-09-10T22:46:08.488+0100,6.584,4.659,-7.537
2812,2024-09-10T22:46:08.555+0100,6.666,4.796,-7.572
2812,2024-09-10T22:46:08.558+0100,7.398,4.343,-7.982
2812,2024-09-10T22:46:08.560+0100,7.513,3.460,-8.597
2812,2024-09-10T22:46:08.562+0100,6.790,3.089,-8.770
2812,2024-09-10T22:46:08.565+0100,5.952,2.950,-8.358
2812,2024-09-10T22:46:08.651+0100,5.294,2.801,-7.879
2812,2024-09-10T22:46:08.653+0100,5.356,2.648,-7.455
2812,2024-09-10T22:46:08.656+0100,5.725,2.598,-7.295
2812,2024-09-10T22:46:08.658+0100,5.914,2.457,-7.228
2812,2024-09-10T22:46:08.660+0100,5.856,2.301,-7.134
2812,2024-09-10T22:46:08.746+0100,5.636,2.184,-6.967
2812,2024-09-10T22:46:08.748+0100,5.564,2.272,-6.734
2812,2024-09-10T22:46:08.751+0100,5.763,2.227,-6.450
2812,2024-09-10T22:46:08.754+0100,6.074,2.129,-6.205
2812,2024-09-10T22:46:08.757+0100,6.242,2.126,-6.062
2812,2024-09-10T22:46:08.841+0100,6.373,2.318,-5.923
2812,2024-09-10T22:46:08.844+0100,6.505,2.559,-5.722
2812,2024-09-10T22:46:08.846+0100,6.180,2.677,-5.600
2812,2024-09-10T22:46:08.849+0100,6.012,2.631,-5.918
2812,2024-09-10T22:46:08.852+0100,6.180,2.253,-6.550
2812,2024-09-10T22:46:08.937+0100,6.120,2.174,-7.240
2812,2024-09-10T22:46:08.940+0100,5.837,2.358,-7.520
2812,2024-09-10T22:46:08.943+0100,5.854,2.689,-7.192
2812,2024-09-10T22:46:08.946+0100,5.909,2.873,-6.825
2812,2024-09-10T22:46:08.948+0100,5.847,3.283,-6.706
2812,2024-09-10T22:46:09.034+0100,6.168,3.409,-6.663
2812,2024-09-10T22:46:09.042+0100,7.085,3.010,-6.900
2812,2024-09-10T22:46:09.050+0100,7.202,2.639,-7.127
2812,2024-09-10T22:46:09.058+0100,7.068,2.926,-6.414
2812,2024-09-10T22:46:09.061+0100,6.852,2.454,-6.746
2812,2024-09-10T22:46:09.131+0100,6.828,1.894,-7.237
2812,2024-09-10T22:46:09.139+0100,7.044,1.959,-7.714
2812,2024-09-10T22:46:09.147+0100,6.771,1.784,-7.900
2812,2024-09-10T22:46:09.156+0100,6.905,2.050,-7.831
2812,2024-09-10T22:46:09.164+0100,7.228,2.217,-7.311
2812,2024-09-10T22:46:09.223+0100,6.962,2.229,-6.818
2812,2024-09-10T22:46:09.231+0100,6.699,2.332,-6.404
2812,2024-09-10T22:46:09.238+0100,6.943,2.155,-6.148
2812,2024-09-10T22:46:09.246+0100,7.097,1.896,-6.220
2812,2024-09-10T22:46:09.254+0100,7.415,1.698,-6.363
2812,2024-09-10T22:46:09.320+0100,7.650,1.458,-6.344
2812,2024-09-10T22:46:09.329+0100,7.671,1.434,-6.145
2812,2024-09-10T22:46:09.337+0100,7.836,1.422,-5.798
2812,2024-09-10T22:46:09.346+0100,8.263,1.379,-5.415
2812,2024-09-10T22:46:09.354+0100,8.607,1.329,-5.317
2812,2024-09-10T22:46:09.416+0100,8.840,1.501,-5.377
2812,2024-09-10T22:46:09.424+0100,9.271,1.329,-5.602
2812,2024-09-10T22:46:09.432+0100,9.491,0.912,-6.059
2812,2024-09-10T22:46:09.440+0100,9.362,0.383,-6.651
2812,2024-09-10T22:46:09.447+0100,8.715,0.117,-7.024
2812,2024-09-10T22:46:09.510+0100,7.695,0.057,-7.139
2812,2024-09-10T22:46:09.513+0100,6.692,0.146,-6.852
2812,2024-09-10T22:46:09.516+0100,6.122,0.340,-6.371
2812,2024-09-10T22:46:09.518+0100,6.019,0.797,-5.841
2812,2024-09-10T22:46:09.521+0100,5.861,1.240,-5.391
2812,2024-09-10T22:46:09.612+0100,5.883,1.824,-5.370
2812,2024-09-10T22:46:09.632+0100,5.993,2.138,-5.738
2812,2024-09-10T22:46:09.649+0100,6.285,2.524,-6.287
2812,2024-09-10T22:46:09.663+0100,6.577,2.696,-6.849
2812,2024-09-10T22:46:09.675+0100,6.797,2.643,-7.242
2812,2024-09-10T22:46:09.702+0100,6.625,2.495,-7.639
2812,2024-09-10T22:46:09.709+0100,6.062,2.366,-8.233
2812,2024-09-10T22:46:09.715+0100,5.289,2.471,-8.655
2812,2024-09-10T22:46:09.721+0100,4.511,2.890,-8.624
2812,2024-09-10T22:46:09.728+0100,4.015,3.338,-8.370
2812,2024-09-10T22:46:09.799+0100,3.749,3.685,-8.269
2812,2024-09-10T22:46:09.805+0100,3.950,3.821,-8.501
2812,2024-09-10T22:46:09.812+0100,4.599,3.654,-8.782
2812,2024-09-10T22:46:09.818+0100,5.684,3.359,-9.050
2812,2024-09-10T22:46:09.825+0100,6.563,3.074,-9.210
2812,2024-09-10T22:46:09.894+0100,7.073,2.998,-9.287
2812,2024-09-10T22:46:09.901+0100,7.432,2.852,-9.299
2812,2024-09-10T22:46:09.907+0100,7.482,2.744,-9.138
2812,2024-09-10T22:46:09.914+0100,7.575,2.698,-8.875
2812,2024-09-10T22:46:09.920+0100,7.724,2.512,-8.545
2812,2024-09-10T22:46:09.989+0100,7.690,2.418,-8.159
2812,2024-09-10T22:46:09.997+0100,7.774,2.411,-7.556
2812,2024-09-10T22:46:10.005+0100,7.776,2.471,-6.794
2812,2024-09-10T22:46:10.012+0100,7.638,2.574,-6.074
2812,2024-09-10T22:46:10.020+0100,7.432,2.789,-5.566
2812,2024-09-10T22:46:10.084+0100,7.283,2.804,-5.188
2812,2024-09-10T22:46:10.091+0100,7.075,2.691,-5.114
2812,2024-09-10T22:46:10.097+0100,6.898,2.756,-5.075
2812,2024-09-10T22:46:10.104+0100,6.646,2.832,-4.896
2812,2024-09-10T22:46:10.110+0100,6.189,2.969,-4.841
2812,2024-09-10T22:46:10.183+0100,5.701,3.048,-4.862
2812,2024-09-10T22:46:10.189+0100,5.191,3.060,-5.061
2812,2024-09-10T22:46:10.196+0100,4.721,3.108,-5.413
2812,2024-09-10T22:46:10.202+0100,4.590,3.017,-5.851
2812,2024-09-10T22:46:10.208+0100,5.013,2.854,-6.294
2812,2024-09-10T22:46:10.276+0100,5.555,2.765,-6.497
2812,2024-09-10T22:46:10.282+0100,6.112,2.591,-6.347
2812,2024-09-10T22:46:10.289+0100,6.752,2.581,-6.550
2812,2024-09-10T22:46:10.295+0100,7.149,2.346,-6.785
2812,2024-09-10T22:46:10.301+0100,7.312,2.339,-7.101
2812,2024-09-10T22:46:10.371+0100,7.480,2.423,-7.357
2812,2024-09-10T22:46:10.377+0100,7.796,2.349,-7.338
2812,2024-09-10T22:46:10.383+0100,7.791,1.999,-6.739
2812,2024-09-10T22:46:10.390+0100,7.444,2.210,-6.385
2812,2024-09-10T22:46:10.396+0100,6.689,2.476,-5.937
2812,2024-09-10T22:46:10.467+0100,6.213,2.825,-5.504
2812,2024-09-10T22:46:10.474+0100,6.000,2.840,-5.183
2812,2024-09-10T22:46:10.480+0100,6.081,2.598,-5.255
2812,2024-09-10T22:46:10.486+0100,6.031,2.552,-5.401
2812,2024-09-10T22:46:10.493+0100,5.670,2.538,-5.623
2812,2024-09-10T22:46:10.564+0100,5.595,2.512,-6.150
2812,2024-09-10T22:46:10.570+0100,5.734,2.236,-6.943
2812,2024-09-10T22:46:10.577+0100,5.916,1.812,-7.762
2812,2024-09-10T22:46:10.583+0100,6.464,1.841,-8.805
2812,2024-09-10T22:46:10.589+0100,6.919,2.191,-9.318
2812,2024-09-10T22:46:10.659+0100,7.135,2.902,-9.177
2812,2024-09-10T22:46:10.665+0100,7.413,3.668,-8.580
2812,2024-09-10T22:46:10.672+0100,8.229,4.176,-7.922
2812,2024-09-10T22:46:10.678+0100,9.113,4.379,-7.359
2812,2024-09-10T22:46:10.684+0100,9.591,4.391,-6.955
2812,2024-09-10T22:46:10.753+0100,9.503,4.389,-6.699
2812,2024-09-10T22:46:10.759+0100,8.792,4.396,-6.536
2812,2024-09-10T22:46:10.765+0100,8.009,4.317,-6.311
2812,2024-09-10T22:46:10.772+0100,7.415,4.216,-6.057
2812,2024-09-10T22:46:10.778+0100,7.001,4.250,-5.774
2812,2024-09-10T22:46:10.851+0100,6.737,4.159,-5.444
2812,2024-09-10T22:46:10.858+0100,6.565,3.977,-5.264
2812,2024-09-10T22:46:10.863+0100,6.508,3.857,-5.403
2812,2024-09-10T22:46:10.869+0100,6.579,3.872,-5.590
2812,2024-09-10T22:46:10.872+0100,6.682,3.857,-5.640
2812,2024-09-10T22:46:10.945+0100,6.448,3.675,-5.607
2812,2024-09-10T22:46:10.952+0100,5.861,3.603,-5.688
2812,2024-09-10T22:46:10.958+0100,5.397,3.462,-5.726
2812,2024-09-10T22:46:10.963+0100,5.205,3.438,-5.985
2812,2024-09-10T22:46:10.966+0100,4.839,3.522,-6.050
2812,2024-09-10T22:46:11.038+0100,4.334,3.984,-6.112
2812,2024-09-10T22:46:11.044+0100,4.195,4.473,-5.954
2812,2024-09-10T22:46:11.049+0100,4.053,4.602,-5.784
2812,2024-09-10T22:46:11.055+0100,4.077,4.851,-5.602
2812,2024-09-10T22:46:11.060+0100,4.044,5.212,-5.640
2812,2024-09-10T22:46:11.134+0100,3.704,5.500,-5.492
2812,2024-09-10T22:46:11.140+0100,3.936,6.273,-5.782
2812,2024-09-10T22:46:11.145+0100,4.374,6.649,-6.382
2812,2024-09-10T22:46:11.151+0100,4.738,6.359,-6.995
2812,2024-09-10T22:46:11.156+0100,4.843,5.761,-7.232
2812,2024-09-10T22:46:11.229+0100,4.934,5.780,-7.046
2812,2024-09-10T22:46:11.234+0100,5.207,5.744,-6.610
2812,2024-09-10T22:46:11.240+0100,5.069,5.521,-6.251
2812,2024-09-10T22:46:11.245+0100,4.618,5.188,-5.975
2812,2024-09-10T22:46:11.250+0100,4.216,4.870,-5.700
2812,2024-09-10T22:46:11.324+0100,3.692,4.851,-5.485
2812,2024-09-10T22:46:11.330+0100,3.096,5.052,-5.485
2812,2024-09-10T22:46:11.335+0100,3.395,4.882,-5.434
2812,2024-09-10T22:46:11.341+0100,4.647,4.137,-5.274
2812,2024-09-10T22:46:11.348+0100,5.789,3.488,-5.140
2812,2024-09-10T22:46:11.421+0100,6.745,3.271,-4.742
2812,2024-09-10T22:46:11.426+0100,7.176,3.381,-4.196
2812,2024-09-10T22:46:11.432+0100,7.223,3.309,-3.670
2812,2024-09-10T22:46:11.437+0100,7.355,3.290,-3.373
2812,2024-09-10T22:46:11.444+0100,7.834,3.058,-3.153
2812,2024-09-10T22:46:11.517+0100,7.887,2.691,-3.035
2812,2024-09-10T22:46:11.523+0100,7.908,2.337,-3.064
2812,2024-09-10T22:46:11.528+0100,8.006,1.920,-2.939
2812,2024-09-10T22:46:11.534+0100,9.661,1.602,-2.195
2812,2024-09-10T22:46:11.539+0100,11.445,1.415,-1.364
2812,2024-09-10T22:46:11.612+0100,11.667,1.336,-1.180
2812,2024-09-10T22:46:11.618+0100,11.069,1.286,-1.805
2812,2024-09-10T22:46:11.624+0100,11.049,1.434,-2.324
2812,2024-09-10T22:46:11.629+0100,11.995,1.480,-2.037
2812,2024-09-10T22:46:11.634+0100,12.192,1.245,-1.687
2812,2024-09-10T22:46:11.707+0100,11.289,1.463,-1.922
2812,2024-09-10T22:46:11.713+0100,10.123,1.793,-2.245
2812,2024-09-10T22:46:11.718+0100,9.658,2.126,-1.860
2812,2024-09-10T22:46:11.724+0100,9.941,1.999,-1.000
2812,2024-09-10T22:46:11.729+0100,10.468,1.939,-0.457
2812,2024-09-10T22:46:11.803+0100,10.439,2.023,-0.481
2812,2024-09-10T22:46:11.809+0100,10.092,2.461,-0.651
2812,2024-09-10T22:46:11.814+0100,10.252,2.775,-0.382
2812,2024-09-10T22:46:11.820+0100,10.621,2.653,-0.076
2812,2024-09-10T22:46:11.825+0100,10.772,2.514,0.088
2812,2024-09-10T22:46:11.898+0100,10.891,2.090,0.179
2812,2024-09-10T22:46:11.904+0100,10.760,1.899,0.258
2812,2024-09-10T22:46:11.909+0100,10.480,1.425,0.876
2812,2024-09-10T22:46:11.914+0100,10.379,0.845,1.669
2812,2024-09-10T22:46:11.920+0100,11.026,-0.049,1.932
2812,2024-09-10T22:46:11.993+0100,12.323,-0.701,2.111
2812,2024-09-10T22:46:11.999+0100,12.781,-1.471,2.439
2812,2024-09-10T22:46:12.003+0100,13.142,-2.017,2.787
2812,2024-09-10T22:46:12.008+0100,12.350,-1.955,2.887
2812,2024-09-10T22:46:12.014+0100,10.942,-0.880,2.169
2812,2024-09-10T22:46:12.088+0100,9.608,0.510,2.236
2812,2024-09-10T22:46:12.096+0100,9.783,0.347,2.782
2812,2024-09-10T22:46:12.103+0100,10.860,-0.258,3.086
2812,2024-09-10T22:46:12.110+0100,10.975,-0.590,3.234
2812,2024-09-10T22:46:12.117+0100,9.876,-0.734,3.036
2812,2024-09-10T22:46:12.184+0100,10.860,-0.329,1.915
2812,2024-09-10T22:46:12.194+0100,10.628,-0.301,1.726
2812,2024-09-10T22:46:12.203+0100,10.523,-0.550,1.918
2812,2024-09-10T22:46:12.211+0100,10.233,-1.285,2.698
2812,2024-09-10T22:46:12.218+0100,9.280,-0.947,2.576
2812,2024-09-10T22:46:12.280+0100,7.683,-0.188,2.602
2812,2024-09-10T22:46:12.287+0100,5.665,0.409,2.238
2812,2024-09-10T22:46:12.294+0100,4.226,0.326,1.669
2812,2024-09-10T22:46:12.301+0100,4.930,-0.250,0.831
2812,2024-09-10T22:46:12.308+0100,7.125,0.247,1.601
2812,2024-09-10T22:46:12.376+0100,5.739,0.812,4.216
2812,2024-09-10T22:46:12.383+0100,4.657,-0.025,4.803
2812,2024-09-10T22:46:12.390+0100,4.475,-0.289,5.296
2812,2024-09-10T22:46:12.397+0100,4.504,-0.353,5.971
2812,2024-09-10T22:46:12.404+0100,4.463,-0.547,5.938
2812,2024-09-10T22:46:12.468+0100,4.171,-0.897,5.394
2812,2024-09-10T22:46:12.471+0100,4.357,-1.275,5.808
2812,2024-09-10T22:46:12.474+0100,5.571,-1.668,6.838
2812,2024-09-10T22:46:12.477+0100,6.831,-1.309,7.614
2812,2024-09-10T22:46:12.479+0100,5.456,-0.109,9.970
2812,2024-09-10T22:46:12.566+0100,5.361,-0.552,10.989
2812,2024-09-10T22:46:12.574+0100,6.967,-0.624,10.793
2812,2024-09-10T22:46:12.581+0100,7.554,0.340,11.013
2812,2024-09-10T22:46:12.589+0100,6.862,1.058,11.088
2812,2024-09-10T22:46:12.596+0100,5.942,1.470,11.528
2812,2024-09-10T22:46:12.665+0100,5.121,1.947,12.507
2812,2024-09-10T22:46:12.672+0100,4.405,2.097,13.171
2812,2024-09-10T22:46:12.679+0100,3.558,2.200,13.183
2812,2024-09-10T22:46:12.686+0100,2.598,2.222,13.058
2812,2024-09-10T22:46:12.694+0100,1.762,1.891,12.752
2812,2024-09-10T22:46:12.756+0100,1.010,1.461,12.716
2812,2024-09-10T22:46:12.760+0100,0.304,0.991,12.761
2812,2024-09-10T22:46:12.764+0100,0.000,0.546,12.809
2812,2024-09-10T22:46:12.767+0100,0.127,-0.033,12.337
2812,2024-09-10T22:46:12.770+0100,0.462,-0.521,11.456
2812,2024-09-10T22:46:12.852+0100,0.821,-0.763,10.140
2812,2024-09-10T22:46:12.856+0100,0.903,-0.471,8.844
2812,2024-09-10T22:46:12.860+0100,0.495,0.093,8.358
2812,2024-09-10T22:46:12.863+0100,-0.128,0.496,8.490
2812,2024-09-10T22:46:12.866+0100,-0.677,0.634,8.880
2812,2024-09-10T22:46:12.948+0100,-1.026,0.666,9.275
2812,2024-09-10T22:46:12.954+0100,-0.729,0.654,9.134
2812,2024-09-10T22:46:12.961+0100,-0.100,0.802,8.823
2812,2024-09-10T22:46:12.967+0100,0.452,1.001,8.519
2812,2024-09-10T22:46:12.973+0100,0.845,1.276,8.265
2812,2024-09-10T22:46:13.044+0100,1.276,1.487,8.157
2812,2024-09-10T22:46:13.048+0100,1.683,1.556,8.274
2812,2024-09-10T22:46:13.054+0100,1.752,1.597,8.507
2812,2024-09-10T22:46:13.060+0100,1.767,1.642,8.382
2812,2024-09-10T22:46:13.064+0100,1.887,1.903,7.942
2812,2024-09-10T22:46:13.138+0100,1.927,2.191,7.776
2812,2024-09-10T22:46:13.145+0100,2.001,2.282,8.100
2812,2024-09-10T22:46:13.151+0100,2.313,2.200,8.653
2812,2024-09-10T22:46:13.157+0100,2.509,1.913,9.467
2812,2024-09-10T22:46:13.164+0100,2.227,1.540,10.362
2812,2024-09-10T22:46:13.234+0100,1.736,1.314,10.669
2812,2024-09-10T22:46:13.241+0100,1.611,1.461,9.991
2812,2024-09-10T22:46:13.247+0100,1.918,1.719,9.014
2812,2024-09-10T22:46:13.253+0100,2.227,1.743,8.341
2812,2024-09-10T22:46:13.260+0100,2.574,2.167,8.612
2812,2024-09-10T22:46:13.329+0100,1.571,2.665,9.711
2812,2024-09-10T22:46:13.336+0100,0.795,1.829,11.116
2812,2024-09-10T22:46:13.342+0100,0.187,1.724,12.014
2812,2024-09-10T22:46:13.348+0100,-0.421,1.750,11.495
2812,2024-09-10T22:46:13.356+0100,-0.689,2.220,10.446
2812,2024-09-10T22:46:13.424+0100,-0.909,3.053,9.953
2812,2024-09-10T22:46:13.430+0100,-1.316,3.122,9.610
2812,2024-09-10T22:46:13.436+0100,-1.795,3.261,9.263
2812,2024-09-10T22:46:13.441+0100,-2.372,3.737,8.969
2812,2024-09-10T22:46:13.446+0100,-2.623,4.051,8.557
2812,2024-09-10T22:46:13.521+0100,-2.274,4.207,8.162
2812,2024-09-10T22:46:13.528+0100,-1.225,4.010,8.516
2812,2024-09-10T22:46:13.534+0100,-1.512,3.850,8.660
2812,2024-09-10T22:46:13.541+0100,-1.728,3.975,7.970
2812,2024-09-10T22:46:13.547+0100,-1.699,4.281,7.434
2812,2024-09-10T22:46:13.615+0100,-2.118,4.520,7.202
2812,2024-09-10T22:46:13.621+0100,-2.709,4.834,7.163
2812,2024-09-10T22:46:13.626+0100,-2.997,5.097,7.195
2812,2024-09-10T22:46:13.632+0100,-3.325,5.399,7.242
2812,2024-09-10T22:46:13.640+0100,-4.247,5.437,7.848
2812,2024-09-10T22:46:13.712+0100,-4.740,5.466,8.284
2812,2024-09-10T22:46:13.719+0100,-4.718,5.531,7.879
2812,2024-09-10T22:46:13.725+0100,-4.371,5.586,7.453
2812,2024-09-10T22:46:13.732+0100,-4.113,5.658,7.558
2812,2024-09-10T22:46:13.738+0100,-3.859,5.634,7.707
2812,2024-09-10T22:46:13.807+0100,-3.567,5.588,7.611
2812,2024-09-10T22:46:13.813+0100,-3.239,5.866,7.266
2812,2024-09-10T22:46:13.820+0100,-3.102,6.232,7.199
2812,2024-09-10T22:46:13.826+0100,-3.277,6.297,7.518
2812,2024-09-10T22:46:13.832+0100,-3.483,6.357,7.628
2812,2024-09-10T22:46:13.902+0100,-3.619,6.357,7.630
2812,2024-09-10T22:46:13.909+0100,-3.368,6.431,7.520
2812,2024-09-10T22:46:13.915+0100,-2.255,6.757,6.804
2812,2024-09-10T22:46:13.921+0100,-1.505,7.971,6.263
2812,2024-09-10T22:46:13.928+0100,-2.202,8.725,7.484
2812,2024-09-10T22:46:13.999+0100,-5.137,7.350,10.149
2812,2024-09-10T22:46:14.005+0100,-6.818,5.701,12.764
2812,2024-09-10T22:46:14.011+0100,-6.097,4.889,12.749
2812,2024-09-10T22:46:14.018+0100,-4.512,4.801,10.365
2812,2024-09-10T22:46:14.024+0100,-2.767,5.583,8.114
2812,2024-09-10T22:46:14.093+0100,-1.764,5.816,6.950
2812,2024-09-10T22:46:14.100+0100,-2.611,5.634,6.412
2812,2024-09-10T22:46:14.106+0100,-3.619,5.275,6.328
2812,2024-09-10T22:46:14.113+0100,-4.306,5.040,6.462
2812,2024-09-10T22:46:14.119+0100,-4.589,4.992,6.280
2812,2024-09-10T22:46:14.192+0100,-4.840,4.851,5.631
2812,2024-09-10T22:46:14.199+0100,-4.443,5.143,4.896
2812,2024-09-10T22:46:14.205+0100,-3.907,5.220,3.610
2812,2024-09-10T22:46:14.212+0100,-3.607,5.358,2.777
2812,2024-09-10T22:46:14.218+0100,-3.734,5.447,2.552
2812,2024-09-10T22:46:14.285+0100,-3.782,5.751,2.631
2812,2024-09-10T22:46:14.292+0100,-3.557,6.149,2.717
2812,2024-09-10T22:46:14.298+0100,-2.978,6.469,2.648
2812,2024-09-10T22:46:14.305+0100,-2.832,6.584,2.751
2812,2024-09-10T22:46:14.311+0100,-3.516,6.761,2.930
2812,2024-09-10T22:46:14.381+0100,-4.359,7.113,2.894
2812,2024-09-10T22:46:14.388+0100,-4.802,7.434,2.650
2812,2024-09-10T22:46:14.394+0100,-4.994,7.669,2.593
2812,2024-09-10T22:46:14.400+0100,-5.338,7.549,2.899
2812,2024-09-10T22:46:14.407+0100,-5.604,7.489,3.184
2812,2024-09-10T22:46:14.475+0100,-5.540,7.279,3.325
2812,2024-09-10T22:46:14.481+0100,-5.132,7.338,3.266
2812,2024-09-10T22:46:14.488+0100,-4.869,7.406,2.736
2812,2024-09-10T22:46:14.494+0100,-3.818,7.568,2.827
2812,2024-09-10T22:46:14.501+0100,-4.067,7.449,2.684
2812,2024-09-10T22:46:14.571+0100,-4.713,7.753,2.942
2812,2024-09-10T22:46:14.577+0100,-5.769,7.760,3.445
2812,2024-09-10T22:46:14.584+0100,-6.413,7.346,4.424
2812,2024-09-10T22:46:14.590+0100,-6.629,6.742,5.870
2812,2024-09-10T22:46:14.597+0100,-6.145,5.895,6.981
2812,2024-09-10T22:46:14.667+0100,-5.537,5.636,7.326
2812,2024-09-10T22:46:14.673+0100,-4.855,5.883,6.926
2812,2024-09-10T22:46:14.680+0100,-4.357,6.180,6.055
2812,2024-09-10T22:46:14.686+0100,-4.560,5.902,4.532
2812,2024-09-10T22:46:14.692+0100,-5.132,6.139,3.814
2812,2024-09-10T22:46:14.763+0100,-5.963,6.134,4.211
2812,2024-09-10T22:46:14.769+0100,-6.787,6.012,4.910
2812,2024-09-10T22:46:14.776+0100,-6.866,5.758,5.389
2812,2024-09-10T22:46:14.782+0100,-6.071,5.485,5.250
2812,2024-09-10T22:46:14.788+0100,-5.106,5.260,4.623
2812,2024-09-10T22:46:14.857+0100,-4.299,5.105,4.039
2812,2024-09-10T22:46:14.864+0100,-3.777,4.887,3.634
2812,2024-09-10T22:46:14.870+0100,-3.538,5.026,3.419
2812,2024-09-10T22:46:14.877+0100,-3.698,4.939,3.306
2812,2024-09-10T22:46:14.883+0100,-3.907,4.944,2.861
2812,2024-09-10T22:46:14.957+0100,-3.794,4.920,2.696
2812,2024-09-10T22:46:14.964+0100,-3.660,4.844,2.870
2812,2024-09-10T22:46:14.970+0100,-3.933,4.604,3.069
2812,2024-09-10T22:46:14.976+0100,-4.771,4.607,3.045
2812,2024-09-10T22:46:14.983+0100,-5.698,4.501,2.904
2812,2024-09-10T22:46:15.048+0100,-6.411,3.998,2.789
2812,2024-09-10T22:46:15.055+0100,-6.423,3.591,2.928
2812,2024-09-10T22:46:15.061+0100,-6.588,2.895,1.927
2812,2024-09-10T22:46:15.067+0100,-6.801,2.938,1.420
2812,2024-09-10T22:46:15.074+0100,-7.127,3.081,2.190
2812,2024-09-10T22:46:15.144+0100,-8.140,2.631,2.993
2812,2024-09-10T22:46:15.150+0100,-8.892,2.047,4.532
2812,2024-09-10T22:46:15.157+0100,-8.789,2.210,6.275
2812,2024-09-10T22:46:15.163+0100,-8.793,2.722,6.819
2812,2024-09-10T22:46:15.169+0100,-7.721,2.995,5.643
2812,2024-09-10T22:46:15.241+0100,-6.986,1.245,3.603
2812,2024-09-10T22:46:15.248+0100,-8.554,-1.519,1.858
2812,2024-09-10T22:46:15.254+0100,-10.386,-2.556,1.393
2812,2024-09-10T22:46:15.261+0100,-11.839,-2.764,2.629
2812,2024-09-10T22:46:15.267+0100,-13.240,-2.345,3.823
2812,2024-09-10T22:46:15.336+0100,-16.307,-0.722,3.464
2812,2024-09-10T22:46:15.342+0100,-20.638,2.188,1.822
2812,2024-09-10T22:46:15.349+0100,-22.326,4.300,-0.131
2812,2024-09-10T22:46:15.355+0100,-19.335,4.439,-1.395
2812,2024-09-10T22:46:15.361+0100,-15.169,3.927,-1.093
2812,2024-09-10T22:46:15.427+0100,-11.853,3.127,-0.485
2812,2024-09-10T22:46:15.434+0100,-9.387,2.258,0.771
2812,2024-09-10T22:46:15.437+0100,-7.955,1.729,1.218
2812,2024-09-10T22:46:15.440+0100,-6.524,0.991,2.133
2812,2024-09-10T22:46:15.443+0100,-5.982,0.390,2.262
2812,2024-09-10T22:46:15.523+0100,-6.368,0.184,2.803
2812,2024-09-10T22:46:15.526+0100,-6.164,-0.531,3.795
2812,2024-09-10T22:46:15.528+0100,-6.193,-0.660,4.238
2812,2024-09-10T22:46:15.531+0100,-6.569,-0.811,4.357
2812,2024-09-10T22:46:15.533+0100,-5.810,-1.704,4.704
2812,2024-09-10T22:46:15.621+0100,-4.663,-2.669,4.283
2812,2024-09-10T22:46:15.631+0100,-4.809,-2.539,3.917
2812,2024-09-10T22:46:15.640+0100,-5.968,-1.570,6.768
2812,2024-09-10T22:46:15.648+0100,-6.804,-0.897,8.827
2812,2024-09-10T22:46:15.655+0100,-6.804,-0.990,8.818
2812,2024-09-10T22:46:15.716+0100,-6.782,-1.337,8.595
2812,2024-09-10T22:46:15.725+0100,-7.745,-0.121,14.385
2812,2024-09-10T22:46:15.733+0100,-7.074,0.524,7.245
2812,2024-09-10T22:46:15.741+0100,-6.378,0.450,6.383
2812,2024-09-10T22:46:15.749+0100,-6.729,-0.214,7.065
2812,2024-09-10T22:46:15.810+0100,-6.009,0.017,6.392
2812,2024-09-10T22:46:15.813+0100,-5.382,-0.497,6.886
2812,2024-09-10T22:46:15.816+0100,-5.710,-1.081,8.966
2812,2024-09-10T22:46:15.818+0100,-6.334,-1.287,9.524
2812,2024-09-10T22:46:15.821+0100,-6.605,-2.192,11.332
2812,2024-09-10T22:46:15.905+0100,-5.468,-2.195,10.128
2812,2024-09-10T22:46:15.908+0100,-5.173,-1.768,9.373
2812,2024-09-10T22:46:15.912+0100,-4.821,-1.742,8.468
2812,2024-09-10T22:46:15.915+0100,-5.022,-1.883,8.365
2812,2024-09-10T22:46:15.919+0100,-6.423,-2.144,9.194
2812,2024-09-10T22:46:16.001+0100,-6.459,-1.847,10.032
2812,2024-09-10T22:46:16.004+0100,-4.809,-0.787,9.694
2812,2024-09-10T22:46:16.007+0100,-4.462,-0.444,8.133
2812,2024-09-10T22:46:16.010+0100,-5.226,-0.739,7.875
2812,2024-09-10T22:46:16.013+0100,-5.250,-0.909,8.112
2812,2024-09-10T22:46:16.096+0100,-5.221,-0.978,8.025
2812,2024-09-10T22:46:16.099+0100,-5.899,-0.487,8.150
2812,2024-09-10T22:46:16.102+0100,-6.100,0.211,8.025
2812,2024-09-10T22:46:16.105+0100,-6.315,0.290,8.315
2812,2024-09-10T22:46:16.109+0100,-6.548,-0.011,8.162
2812,2024-09-10T22:46:16.195+0100,-6.387,-0.037,10.202
2812,2024-09-10T22:46:16.206+0100,-4.472,0.558,7.659
2812,2024-09-10T22:46:16.216+0100,-5.504,-0.147,9.570
2812,2024-09-10T22:46:16.226+0100,-4.986,-0.528,9.206
2812,2024-09-10T22:46:16.232+0100,-4.405,-0.665,8.133
2812,2024-09-10T22:46:16.287+0100,-4.843,-1.886,5.143
2812,2024-09-10T22:46:16.291+0100,-5.314,-1.764,5.401
2812,2024-09-10T22:46:16.295+0100,-4.740,-0.969,11.892
2812,2024-09-10T22:46:16.298+0100,-3.837,-0.042,12.316
2812,2024-09-10T22:46:16.301+0100,-3.471,0.010,9.376
2812,2024-09-10T22:46:16.382+0100,-2.671,0.374,9.292
2812,2024-09-10T22:46:16.387+0100,-2.302,0.603,10.597
2812,2024-09-10T22:46:16.391+0100,-3.536,-0.253,10.089
2812,2024-09-10T22:46:16.394+0100,-3.069,0.014,9.043
2812,2024-09-10T22:46:16.397+0100,-2.590,0.342,7.060
2812,2024-09-10T22:46:16.479+0100,-4.575,-1.416,6.304
2812,2024-09-10T22:46:16.486+0100,-3.243,-1.081,8.971
2812,2024-09-10T22:46:16.492+0100,-1.771,-0.162,12.577
2812,2024-09-10T22:46:16.498+0100,-1.936,-0.035,10.987
2812,2024-09-10T22:46:16.505+0100,-2.535,-0.380,9.416
2812,2024-09-10T22:46:16.576+0100,-3.445,-0.882,10.250
2812,2024-09-10T22:46:16.585+0100,-2.142,-0.332,8.696
2812,2024-09-10T22:46:16.594+0100,-0.715,0.235,7.250
2812,2024-09-10T22:46:16.600+0100,-0.102,0.330,4.094
2812,2024-09-10T22:46:16.607+0100,0.218,0.443,14.830
2812,2024-09-10T22:46:16.672+0100,1.815,-0.437,9.527
2812,2024-09-10T22:46:16.681+0100,0.383,-0.011,10.937
2812,2024-09-10T22:46:16.690+0100,-1.043,-0.226,8.004
2812,2024-09-10T22:46:16.697+0100,0.630,-0.124,10.918
2812,2024-09-10T22:46:16.706+0100,0.045,-0.078,10.207
2812,2024-09-10T22:46:16.766+0100,-0.440,-0.016,9.002
2812,2024-09-10T22:46:16.775+0100,0.148,-0.169,10.649
2812,2024-09-10T22:46:16.782+0100,-0.298,-0.042,9.256
2812,2024-09-10T22:46:16.791+0100,0.031,-0.064,10.185
2812,2024-09-10T22:46:16.799+0100,-0.114,-0.102,9.725
2812,2024-09-10T22:46:16.862+0100,-0.064,-0.052,9.895
2812,2024-09-10T22:46:16.870+0100,-0.143,-0.071,9.907
2812,2024-09-10T22:46:16.878+0100,-0.088,-0.066,9.776
2812,2024-09-10T22:46:16.885+0100,-0.119,-0.090,9.900
2812,2024-09-10T22:46:16.892+0100,-0.061,-0.068,9.838
2812,2024-09-10T22:46:16.959+0100,-0.090,-0.066,9.869
2812,2024-09-10T22:46:16.966+0100,-0.073,-0.085,9.886
2812,2024-09-10T22:46:16.973+0100,-0.124,-0.054,9.833
2812,2024-09-10T22:46:16.980+0100,-0.100,-0.071,9.871
2812,2024-09-10T22:46:16.987+0100,-0.102,-0.073,9.826
2812,2024-09-10T22:46:17.051+0100,-0.078,-0.073,9.881
2812,2024-09-10T22:46:17.055+0100,-0.090,-0.073,9.840
2812,2024-09-10T22:46:17.058+0100,-0.100,-0.078,9.867
2812,2024-09-10T22:46:17.062+0100,-0.107,-0.085,9.850
2812,2024-09-10T22:46:17.065+0100,-0.097,-0.054,9.874
2812,2024-09-10T22:46:17.152+0100,-0.083,-0.059,9.881
2812,2024-09-10T22:46:17.171+0100,-0.085,-0.066,9.843
2812,2024-09-10T22:46:17.188+0100,-0.090,-0.076,9.876
2812,2024-09-10T22:46:17.203+0100,-0.095,-0.056,9.831
2812,2024-09-10T22:46:17.218+0100,-0.088,-0.073,9.881
2812,2024-09-10T22:46:17.244+0100,-0.088,-0.071,9.831
2812,2024-09-10T22:46:17.250+0100,-0.090,-0.080,9.881
2812,2024-09-10T22:46:17.257+0100,-0.095,-0.071,9.838
2812,2024-09-10T22:46:17.263+0100,-0.083,-0.078,9.893
2812,2024-09-10T22:46:17.270+0100,-0.076,-0.056,9.850
2812,2024-09-10T22:46:17.340+0100,-0.102,-0.066,9.883
2812,2024-09-10T22:46:17.347+0100,-0.104,-0.078,9.843
2812,2024-09-10T22:46:17.353+0100,-0.107,-0.088,9.864
2812,2024-09-10T22:46:17.360+0100,-0.076,-0.071,9.867
2812,2024-09-10T22:46:17.366+0100,-0.081,-0.066,9.867
2812,2024-09-10T22:46:17.438+0100,-0.085,-0.071,9.869
2812,2024-09-10T22:46:17.444+0100,-0.104,-0.071,9.852
2812,2024-09-10T22:46:17.451+0100,-0.104,-0.078,9.871
2812,2024-09-10T22:46:17.457+0100,-0.093,-0.073,9.871
2812,2024-09-10T22:46:17.464+0100,-0.081,-0.064,9.881
2812,2024-09-10T22:46:17.530+0100,-0.088,-0.076,9.859
2812,2024-09-10T22:46:17.537+0100,-0.097,-0.076,9.869
2812,2024-09-10T22:46:17.543+0100,-0.088,-0.083,9.862
2812,2024-09-10T22:46:17.549+0100,-0.083,-0.068,9.869
2812,2024-09-10T22:46:17.556+0100,-0.083,-0.078,9.867
2812,2024-09-10T22:46:17.625+0100,-0.083,-0.076,9.867
2812,2024-09-10T22:46:17.631+0100,-0.088,-0.073,9.862
2812,2024-09-10T22:46:17.637+0100,-0.104,-0.073,9.867
2812,2024-09-10T22:46:17.644+0100,-0.107,-0.080,9.859
2812,2024-09-10T22:46:17.650+0100,-0.097,-0.066,9.857
2812,2024-09-10T22:46:17.720+0100,-0.100,-0.073,9.876
2812,2024-09-10T22:46:17.726+0100,-0.083,-0.073,9.862
2812,2024-09-10T22:46:17.732+0100,-0.069,-0.076,9.881
2812,2024-09-10T22:46:17.739+0100,-0.069,-0.088,9.879
2812,2024-09-10T22:46:17.745+0100,-0.083,-0.078,9.881
2812,2024-09-10T22:46:17.818+0100,-0.090,-0.073,9.871
2812,2024-09-10T22:46:17.825+0100,-0.095,-0.066,9.864
2812,2024-09-10T22:46:17.831+0100,-0.104,-0.059,9.879
2812,2024-09-10T22:46:17.837+0100,-0.112,-0.066,9.869
2812,2024-09-10T22:46:17.843+0100,-0.085,-0.076,9.879
2812,2024-09-10T22:46:17.912+0100,-0.088,-0.083,9.879
2812,2024-09-10T22:46:17.919+0100,-0.076,-0.085,9.874
2812,2024-09-10T22:46:17.925+0100,-0.083,-0.073,9.874
2812,2024-09-10T22:46:17.931+0100,-0.083,-0.076,9.874
2812,2024-09-10T22:46:17.938+0100,-0.095,-0.066,9.876
2812,2024-09-10T22:46:18.007+0100,-0.100,-0.066,9.874
2812,2024-09-10T22:46:18.014+0100,-0.097,-0.071,9.867
2812,2024-09-10T22:46:18.020+0100,-0.083,-0.068,9.883
2812,2024-09-10T22:46:18.027+0100,-0.076,-0.076,9.876
2812,2024-09-10T22:46:18.033+0100,-0.076,-0.080,9.871
2812,2024-09-10T22:46:18.103+0100,-0.078,-0.080,9.879
2812,2024-09-10T22:46:18.109+0100,-0.088,-0.066,9.874
2812,2024-09-10T22:46:18.116+0100,-0.085,-0.071,9.874
2812,2024-09-10T22:46:18.122+0100,-0.095,-0.078,9.883
2812,2024-09-10T22:46:18.128+0100,-0.088,-0.078,9.879
2812,2024-09-10T22:46:18.198+0100,-0.078,-0.073,9.886
2812,2024-09-10T22:46:18.207+0100,-0.083,-0.080,9.876
2812,2024-09-10T22:46:18.214+0100,-0.088,-0.083,9.874
2812,2024-09-10T22:46:18.221+0100,-0.088,-0.076,9.879
2812,2024-09-10T22:46:18.229+0100,-0.088,-0.076,9.879
2812,2024-09-10T22:46:18.293+0100,-0.093,-0.068,9.876
2812,2024-09-10T22:46:18.300+0100,-0.088,-0.061,9.881
2812,2024-09-10T22:46:18.306+0100,-0.085,-0.073,9.879
2812,2024-09-10T22:46:18.313+0100,-0.095,-0.076,9.879
2812,2024-09-10T22:46:18.319+0100,-0.085,-0.068,9.879
2812,2024-09-10T22:46:18.389+0100,-0.090,-0.073,9.879
2812,2024-09-10T22:46:18.395+0100,-0.090,-0.076,9.871
2812,2024-09-10T22:46:18.402+0100,-0.076,-0.085,9.879
2812,2024-09-10T22:46:18.408+0100,-0.085,-0.073,9.879
2812,2024-09-10T22:46:18.414+0100,-0.083,-0.080,9.879
2812,2024-09-10T22:46:18.484+0100,-0.093,-0.078,9.879
2812,2024-09-10T22:46:18.490+0100,-0.097,-0.078,9.874
2812,2024-09-10T22:46:18.497+0100,-0.097,-0.076,9.881
2812,2024-09-10T22:46:18.503+0100,-0.093,-0.080,9.881
2812,2024-09-10T22:46:18.509+0100,-0.090,-0.078,9.881
2812,2024-09-10T22:46:18.583+0100,-0.083,-0.078,9.881
2812,2024-09-10T22:46:18.589+0100,-0.076,-0.078,9.879
2812,2024-09-10T22:46:18.596+0100,-0.081,-0.076,9.881
2812,2024-09-10T22:46:18.602+0100,-0.085,-0.071,9.881
2812,2024-09-10T22:46:18.609+0100,-0.093,-0.068,9.874
2812,2024-09-10T22:46:18.677+0100,-0.090,-0.073,9.881
2812,2024-09-10T22:46:18.683+0100,-0.088,-0.078,9.886
2812,2024-09-10T22:46:18.689+0100,-0.088,-0.076,9.879
2812,2024-09-10T22:46:18.696+0100,-0.085,-0.085,9.886
2812,2024-09-10T22:46:18.702+0100,-0.085,-0.078,9.886
2812,2024-09-10T22:46:18.772+0100,-0.088,-0.073,9.886
2812,2024-09-10T22:46:18.779+0100,-0.088,-0.073,9.886
2812,2024-09-10T22:46:18.785+0100,-0.093,-0.078,9.883
2812,2024-09-10T22:46:18.791+0100,-0.095,-0.073,9.881
2812,2024-09-10T22:46:18.797+0100,-0.088,-0.066,9.883
2812,2024-09-10T22:46:18.867+0100,-0.088,-0.076,9.886
2812,2024-09-10T22:46:18.874+0100,-0.076,-0.085,9.881
2812,2024-09-10T22:46:18.880+0100,-0.085,-0.076,9.881
2812,2024-09-10T22:46:18.886+0100,-0.090,-0.064,9.883
2812,2024-09-10T22:46:18.893+0100,-0.097,-0.071,9.876
2812,2024-09-10T22:46:18.963+0100,-0.093,-0.066,9.879
2812,2024-09-10T22:46:18.970+0100,-0.085,-0.071,9.881
2812,2024-09-10T22:46:18.976+0100,-0.090,-0.076,9.888
2812,2024-09-10T22:46:18.983+0100,-0.088,-0.073,9.879
2812,2024-09-10T22:46:18.989+0100,-0.090,-0.080,9.883
2812,2024-09-10T22:46:19.061+0100,-0.090,-0.071,9.879
2812,2024-09-10T22:46:19.067+0100,-0.093,-0.076,9.879
2812,2024-09-10T22:46:19.074+0100,-0.095,-0.073,9.881
2812,2024-09-10T22:46:19.080+0100,-0.093,-0.061,9.886
2812,2024-09-10T22:46:19.086+0100,-0.093,-0.068,9.886
2812,2024-09-10T22:46:19.156+0100,-0.085,-0.076,9.879
2812,2024-09-10T22:46:19.163+0100,-0.085,-0.083,9.879
2812,2024-09-10T22:46:19.169+0100,-0.090,-0.078,9.883
2812,2024-09-10T22:46:19.175+0100,-0.081,-0.078,9.881
2812,2024-09-10T22:46:19.182+0100,-0.085,-0.073,9.883
2812,2024-09-10T22:46:19.246+0100,-0.088,-0.076,9.883
2812,2024-09-10T22:46:19.253+0100,-0.085,-0.073,9.886
2812,2024-09-10T22:46:19.259+0100,-0.090,-0.073,9.883
2812,2024-09-10T22:46:19.265+0100,-0.085,-0.083,9.881
2812,2024-09-10T22:46:19.272+0100,-0.083,-0.068,9.886
2812,2024-09-10T22:46:19.347+0100,-0.093,-0.078,9.883
2812,2024-09-10T22:46:19.353+0100,-0.088,-0.076,9.888
2812,2024-09-10T22:46:19.359+0100,-0.083,-0.068,9.886
2812,2024-09-10T22:46:19.366+0100,-0.088,-0.064,9.888
2812,2024-09-10T22:46:19.372+0100,-0.093,-0.076,9.881
2812,2024-09-10T22:46:19.439+0100,-0.090,-0.076,9.881
2812,2024-09-10T22:46:19.445+0100,-0.090,-0.083,9.888
2812,2024-09-10T22:46:19.452+0100,-0.090,-0.080,9.886
2812,2024-09-10T22:46:19.458+0100,-0.090,-0.068,9.893
2812,2024-09-10T22:46:19.464+0100,-0.095,-0.078,9.886
2812,2024-09-10T22:46:19.536+0100,-0.083,-0.078,9.890
2812,2024-09-10T22:46:19.542+0100,-0.085,-0.073,9.895
2812,2024-09-10T22:46:19.549+0100,-0.088,-0.076,9.881
2812,2024-09-10T22:46:19.555+0100,-0.097,-0.076,9.886
2812,2024-09-10T22:46:19.561+0100,-0.095,-0.080,9.888
2812,2024-09-10T22:46:19.632+0100,-0.093,-0.068,9.879
2812,2024-09-10T22:46:19.639+0100,-0.073,-0.073,9.883
2812,2024-09-10T22:46:19.645+0100,-0.083,-0.066,9.888
2812,2024-09-10T22:46:19.651+0100,-0.088,-0.073,9.886
2812,2024-09-10T22:46:19.658+0100,-0.095,-0.080,9.879
2812,2024-09-10T22:46:19.727+0100,-0.090,-0.068,9.888
2812,2024-09-10T22:46:19.734+0100,-0.093,-0.076,9.883
2812,2024-09-10T22:46:19.740+0100,-0.083,-0.071,9.883
2812,2024-09-10T22:46:19.746+0100,-0.093,-0.073,9.883
2812,2024-09-10T22:46:19.753+0100,-0.090,-0.073,9.883
2812,2024-09-10T22:46:19.823+0100,-0.088,-0.076,9.879
2812,2024-09-10T22:46:19.830+0100,-0.090,-0.078,9.893
2812,2024-09-10T22:46:19.836+0100,-0.097,-0.080,9.890
2812,2024-09-10T22:46:19.842+0100,-0.097,-0.071,9.883
2812,2024-09-10T22:46:19.849+0100,-0.093,-0.078,9.888
